1	1.0	55754	6259	9991	55293	23603	23118	51068	3416	3655	8826	4893	10114	9908	5781	55573	1452	7326	26092	8450	8301	5573	8545	2776	4087	8780	10640	55669	55233	9337	7319	51714	7534	5868	29766	382	8540	51164	1654	1968	56650	8030	5048	25800	51573	5782	6760	23190	55681	55916	9341	3998	10006	1635	25932	1432	387	4179	23473	9425	528	5962	10565	10048	10049	6197	7803	9802	4735	2782	9135	8773	23291	10097	164	10092	7323	102	3836	4149	10678	1810	9589	2665	81537	4074	9522	6856	3688	3799	523	51582	23062	3840	5594	5151	10672	3964
2	1.0	9246	4615	54625	6737	5920	5696	9976	7453	103	11274	3434	3135	3627	10379	11118	3134	83666	3428	51191	4600	2643	6672	10964	4938	3133	10561	5721	6892	3105	3106	3437	2633	3433	6773	94240	3137	391020	4940	834	5371	3659	3601	10384	3107	151636	55601	5359	8519	51131	64135	10581	5698	9111	4061	837	55337	3429	54739	57674	3669	24138	3430	80833	129607	3123	9636	10346	3959	3665	6772	6890	80830	23586	4599	64108	2634	10410	8638	684	567	219285	91543	8743	58472	5610	5699	54809	2537	6373	4939	5720	51056	3431	64761
3	1.0	4594	23256	7485	23530	81689	55745	5825	900	10559	51138	9443	5867	25972	10477	2339	829	51510	9039	10099	25821	1738	2110	5110	26128	51727	6767	9604	594	11345	9694	10463	1429	51567	9562	27430	10857	5824	440026	23219	2631	1781	4338	128	10558	6342	56947	10175	55860	34	8723	60592	8803	23479	10768	25898	114932	9354	9581	8801	5887	178	10484	7257	51125	9419	10424	26275	10638	8799	10447	3188	23741	8050	79886	23588	64400	55884	157567	54951	83941	79624	221154	51382	80762	11034	8504	9403	55862	9166	7251	65084	10671	9412	10438
4	1.0	6503	241	4067	64092	3122	10875	4688	3310	3937	1436	5777	397	9450	5880	11151	7805	3575	474344	2123	962	199	1043	3109	4542	9535	7305	1512	1536	6039	3055	6850	1794	3113	942	445347	3119	6404	64231	963	1230	3587	3059	3936	1890	2124	5341	3689	5788	1236	2533	4689	4046	2207	3932	9473	22918	50856	9938	3108	7852	4125	7409	2213	51338	11010	4332	7940	864	6352	7133	3115	23643	972	1439	5175	958	2268	330	3683	9103	9595	11031	54440	953	1520	597	10437
5	1.0	10733	9735	5983	580	9134	79733	56992	83879	55215	64785	9837	9055	81930	79682	25788	51053	9768	9787	11130	90417	64151	4001	6491	55839	55706	55165	3070	29028	1854	3832	3925	4751	55010	26271	1894	29899	2146	3148	675	1111	54443	51514	151246	11169	1062	5427	9833	6119	29127	55055	54908	7153	259266	10926	990	1063	83540	4175	10403	79075	8317	54892	7272	11339	7112	1164	1719	7443	23594	79801	699	9319	6240	57405	10592	9493	672	23310	2237	3838	5557	55388	4085	5888	5985	3161
6	1.0	10427	1998	50618	23469	51585	6093	9444	5412	11183	5980	7337	152006	23607	1407	5530	2908	25852	57826	9101	51320	648	1386	23369	10274	29978	490	6651	2060	6249	5771	51366	23411	23063	8899	8065	394	22828	9821	51430	9859	2332	9655	5903	26009	23515	2803	9107	221037	1147	55288	29761	9698	4154	80204	9202	23142	6477	23111	55914	6670	8036	5495	3298	8491	23394	6938	253943	22862	54778	23200	54665	167227	27107	10000	64844	4089	1027	23122	9748
7	1.0	10286	5687	9631	6950	3843	56647	7347	55699	5901	10987	6905	8624	10606	79833	7334	9521	6637	11222	7295	8872	8883	10128	5700	5701	8443	27101	10923	3376	28969	5685	1965	10969	5686	3015	51377	79017	6635	5464	4869	6636	2739	2926	9255	10576	8533	51002	6634	65008	79053	4528	55759	28985	158	3336	9352	22948	60488	5683	10213	8894	10440	52	51637	6880	51096	5684	2958	51182	5001	10575	1653	28977	28998	8487	29088	7411
8	1.0	467	5606	8870	10135	1647	1847	6446	2354	22822	4616	6303	5054	10397	10221	80149	2919	6648	133	5209	23645	1604	3491	9516	5743	3554	602	3727	1026	7538	6515	1390	3383	7071	8553	3576	694	10957	7050	7128	3949	678	51278	7832	9592	2353	2355	604	4929	5329	7422	5997	1848	4170	4783	1052	5292	1958	7130	9314	3726	9766	5366	1843	4792	1839	2114	84981	3569	2669	1316	23764	3725	5328	3553	64332	2920
9	1.0	55651	3276	26155	7866	54998	2193	3692	57819	5425	10514	7284	6182	10105	10084	64223	22827	5496	8260	64118	11047	51073	23481	7064	10061	11331	23246	56915	10452	6183	23203	8192	191	2873	51042	3704	51690	55658	23640	54606	10280	25804	4809	5434	54555	54663	54512	10726	55621	10856	65993	5709	92856	9136	26517	2288	7407	617	5245	10572	6150	6723	10131	10469	10607	3265	9040	1978	8815	80308	353	26121	51116	10195	57418	23170	5499
10	1.0	7494	64924	9709	11196	378	58505	7009	26003	81567	9554	27230	9019	2673	54499	10130	51397	55062	10972	51014	6745	9451	23471	79139	1314	11231	55002	55829	813	10959	7184	4247	55312	56889	1315	4189	55069	11014	54431	10282	22872	51726	400	51026	10802	6400	3703	64746	3309	6675	51569	51465	2923	4925	29880	51128	387263	84888	9871	90411	8615	9197	821	50999	81555	6782	60559	9276	116150	9950	26286	5861	10483	54928	488	6747	372
11	1.0	9988	54482	10902	23398	51747	23360	91746	81669	400322	57337	10181	4848	8473	55729	9406	140890	10724	8481	51455	23126	23015	55023	57018	6430	79609	55082	29896	9924	1195	79048	10443	22889	55900	57466	151613	51631	7637	55000	1655	10142	23347	64848	65117	94104	54520	26118	8881	130872	55037	8451	55269	57035	8675	7072	9584	55705	9736	64766	51592	55608	196441	55769	79848	55119	27332	84901	10180	9044	58517	56339	23230	9295	25957	9877	10521	65110
12	1.0	6157	6748	1936	6166	5204	6230	442216	6159	25873	6204	6168	6227	6208	6224	9045	6228	6189	6144	6156	9349	6202	6135	6130	6234	6158	6235	6173	6187	114915	6128	6176	6164	6170	11224	6193	6218	29997	4666	441951	128668	3921	2197	6229	6210	6223	6147	6232	6205	641638	1933	6133	6141	6201	6160	6136	6169	6134	6165	6171	6203	6143	6209	51372	6233	6181	54543	6142	6129	6167	6191	6206	6155	6161	207032	60674	6207
13	1.0	4820	3516	253461	23077	22878	23405	51111	9969	57730	54800	23137	7559	5927	5469	7707	5930	23099	23215	23049	4090	9169	57187	23512	9140	64710	3842	55186	10927	80205	51773	4659	9043	7750	5295	79982	23325	23451	22902	7572	114882	546	9728	65125	10725	5586	23036	285527	56987	10087	26043	9910	2186	54556	7716	9931	26512	9693	10299	23389	6738	4750	51663	1385	9857	66008	1105	9975	9360	23637	10735	8202	7644	7175	23429	7267
14	1.0	246243	79084	6749	1019	10419	5725	3329	23212	79902	50628	55226	29960	328	1503	6472	51491	5437	7283	6631	10963	22984	5036	8607	5631	1736	4830	10921	3609	6597	10197	10212	5433	5198	5902	10946	7372	203068	51155	10528	6626	5982	6427	4953	27338	705	8662	9221	7203	3182	471	9688	9775	6627	4609	3735	80324	51154	10598	9416	4691	8480	4172	6628	9533	51593	10985	23404	10574	9128	9898	5707	2618	7371	79080
15	1.0	10983	5018	1725	25875	10399	738	3476	51545	9960	6139	57820	5250	8664	140465	4904	468	6138	4048	28987	3326	4736	2091	293	6746	26978	3646	8667	2483	1975	8665	6194	6146	689	819	517	6125	1974	5859	10541	3615	3178	11179	8761	8531	5042	57570	51611	26986	84273	51614	27044	6122	1459	51082	25796	55850	8666	1938	1939	84320	728689	4673	10412	23478	6152	51386	7570	6132	3945	6124	26520	26156	54930	805
16	1.0	57486	79183	8295	8021	22803	25917	57510	9603	51095	84259	9650	10056	25929	80146	84912	51524	28989	114294	123811	5550	57696	84135	84650	51319	10166	284018	51434	11097	222236	23019	115416	94056	54675	112858	84262	81889	83608	30834	83787	10491	55737	124454	8847	84948	55920	123263	129831	55154	57647	79760	29058	84340	2188	8898	79469	10785	92745	83858	85476	64327	11146	26263	55640	80209	388789	151194	146198	57697	27304	80179	5994	6314
17	1.0	3920	3295	6451	9236	801	6744	1362	8804	5264	7844	9741	8031	9488	9528	10159	81533	55032	8895	140609	10313	10955	427	5862	8417	51170	11342	847	9375	55788	1389	2589	259230	1486	310	2744	10133	51669	1203	2230	51646	7905	9867	831	10550	10140	5621	90	9445	4942	51439	2746	665	8724	8763	950	56674	175	6643	27020	57515	23167	26234	2180	6302	57142	8887	6990
18	1.0	10024	6502	3833	3014	79019	9928	8318	9156	81620	83461	332	9232	10535	7298	1163	55635	55723	1869	4174	4288	4171	9700	1033	55355	890	9918	10112	24137	3978	9133	51203	23397	22974	11065	2305	1786	10036	4173	641	10615	55143	146909	6790	899	4605	10460	991	701	4176	51512	1058	2189	7468	11004	3149	1841	54478	55872	7083	9212	5347	891	51659	6241
19	1.0	4000	83442	832	2316	5552	23406	3460	5476	6678	10577	10493	87	7791	10095	308	6281	7076	9948	8682	3956	3916	967	6282	301	2495	8407	2512	307	1200	10109	2876	53827	1476	822	4245	2896	6277	4627	2280	1075	1535	5216	2014	960	7171	706	6275	302	2934	1508	5660	7431	10487	1192	3958	4267	4478	9123	84617	5355
20	1.0	81034	5965	7341	5706	10988	9801	55726	80145	29080	51001	60496	5876	6921	51444	9318	6996	7884	8669	81929	5955	58478	3066	10434	23658	80218	10944	64431	11260	1964	26135	10527	3093	5440	11335	10480	8467	1977	7336	908	1070	8813	6059	6731	10393	51184	79657	10190	8520	5718	54529	86	51187	10054	55156	55832	10605	5612
21	1.0	9994	8726	10772	4436	23350	5378	5431	11177	10198	5501	9972	10664	10042	9987	2956	9984	9879	545	23306	7913	9126	5885	11340	9184	10951	7013	8880	55746	7705	8697	10051	55656	10915	25842	4678	3189	7398	23244	220988	10236	11168	5411	1479	22976	3930	26065	11073	54906	9774	22823	8930	7514	4683	9702	55035	55120
22	1.0	55695	79034	23214	100131564	284443	285464	54535	26088	54963	10147	155400	260294	26048	29990	5387	55657	7593	85028	3054	1120	1196	3551	5379	5297	6817	90634	1797	84129	23225	1198	283989	10585	9814	23513	2648	23141	5822	9031	92715	728233	1375	167153	64427	146705	6621	728642	6777	405	25942	9139	445329	55316	2800	6799	81576
23	1.0	1009	10186	10979	1281	1282	1289	1290	2200	2202	23213	25937	29995	3624	4015	4907	7414	7145	11259	4811	633	1634	5764	4060	10580	3339	10631	1278	10826	56893	8933	23002	1277	3910	4638	7837	8614	11098	3371	285761	6196	558	3912	23452	80781	8406	7412	150771	1805	7373	2006	3075	3078	7041
24	1.0	4710	93974	1350	1349	9551	4701	514	4708	4259	1327	3094	4695	51079	1347	4724	1345	7388	4714	51650	11315	29796	4725	516	26521	1340	7381	4696	4707	54539	6647	6633	521	4700	4717	1351	59286	27335	9556	1329	1337	4726	51642	10975	4694	27089	1622	64976	78988	4697	10632	10063	10476
25	1.0	4238	9919	7465	64770	10057	23503	7529	7532	31	4013	6416	8660	57614	9497	25914	4214	23164	10260	22921	3480	1487	23304	375484	51490	5168	57147	51092	91833	64769	5894	93210	9759	7248	55835	162681	23317	23677	5534	26031	26064	2690	5774	27342	3667	404734	5599	4301	8496	55177	7345	7249
26	1.0	7094	79095	5589	5315	10120	5605	1201	8079	5518	2319	23193	9526	11316	10994	166	207	10945	439	5127	6576	2783	23558	8733	1209	5585	56904	6510	10362	22913	2907	823	10554	10093	55643	377	10908	92579	80700	7317	5211	4924	23770	396	57175	10211	55611	5524	64755	682	826	23646
27	1.0	506	27068	7385	27258	2108	4722	515	4704	51021	2271	79135	4712	6392	518	4718	25874	509	7386	54205	7417	498	2971	5160	81892	29093	55967	8802	4719	4706	6390	29074	27069	10542	522	4729	9377	4190	23788	28957	4711	64960	539	6391	7419	4709	55847	55856	3033	5162	4702
28	1.0	55629	25836	115426	51552	5926	55284	54014	8087	253260	57532	10771	55196	55031	51496	8731	868	6885	55596	905	51742	80267	80315	64786	25831	54407	51701	5562	26122	659	149041	4780	5290	79718	571	57534	23683	65056	3845	10150	6198	81573	56204	1456	29066	114885	26091	54882	54464	51322
29	1.0	7110	60684	11059	51315	54832	1739	23116	9147	26273	55623	9652	4548	23272	9849	9439	23443	5108	9765	9724	257218	81627	7155	889	9847	5286	22908	26054	253959	29079	6814	466	26060	90806	23376	79811	9646	23262	54585	55454	1657	64418	3895	55297	7095	80173	54664	55717
30	1.0	9669	10492	9188	6741	23160	26354	55127	29889	51388	5471	84365	27000	54433	55720	10199	10153	51575	80155	27292	84128	55131	11137	8886	51018	84549	27042	10799	55646	25926	83732	1662	79101	55299	6632	54962	10885	55003	56902	54517	23560	64318	9933	55854	7019
31	1.0	5062	1024	9270	5147	5910	10071	998	5879	7114	5878	10245	892	402	134510	53981	57695	7982	80006	23568	389	153830	10962	55255	57691	51107	25923	29123	114799	117177	392	9191	6780	403	203259	57630	5058	89781	8976	27185	4130	4512
32	1.0	23265	23381	7343	7917	8175	1107	6830	10992	6602	23523	81	1639	58509	29882	10262	5339	7919	23399	11100	23396	4650	4150	7916	55700	25792	6829	3297	10155	8241	22904	3159	9146	4849	6878	9968	79171	29888	51586	55201	8289	9112
33	1.0	7159	51292	64172	54851	51015	57002	57325	119559	152579	55622	125228	80135	10961	54865	83989	8772	55830	10775	112487	64282	10557	7024	25938	11019	51562	84437	9678	116092	51124	54925	55888	7259	222068	283232	22954	585	51601	283459	84881	7164
34	1.0	10171	196294	10973	64062	55170	79102	55236	115209	4216	55857	57703	51321	9946	2960	55585	57037	25934	729852	89890	51633	10564	134218	63939	51000	6874	151525	6908	116064	55783	221143	79736	81545	148423	8091	84078	79686	23283	4534	55266	6883
35	1.0	3839	51379	10010	3267	1022	10096	80232	9474	1997	81688	836	51100	27249	1983	9689	329	8674	8546	29982	8766	91137	4690	10094	3717	1982	11235	8073	3612	57157	2764	5908	51167	7322	5597	9320	51719	8649	830	2959	57403
36	1.0	6426	3183	10657	3190	27316	23028	11198	142	10146	5928	6434	6421	7027	6117	4670	3181	7520	1665	3608	3065	3184	1457	3185	3192	51031	4144	9410	6428	47	5591	9555	22919	8683	7150	1660	23435	4841	8125	6599
37	1.0	6184	6734	10226	7264	10113	9601	2286	10960	51150	10525	6836	7873	22820	79174	1650	10652	1798	10954	977	10237	29927	2132	1611	53838	811	23753	5479	23423	10548	56005	64834	54480	5034	10263	8985	54867	6185	6238
38	1.0	51110	10845	79694	51071	79020	84520	84928	22850	127018	83930	55172	23456	51115	84240	283489	57001	10668	51639	118924	10569	53938	388753	643155	83877	10827	152100	51699	65080	128061	85465	51163	51249	414327	140707	201895
39	1.0	7874	26130	10075	2547	55848	6945	7157	5607	23172	6603	2969	4193	54880	1399	10301	6470	23008	752	79892	29855	8453	9820	56252	1616	2033	5598	51621	6904	23113	3064	7158	85015	4194	6598	84148
40	1.0	285958	10040	57003	51324	285855	54471	196264	64432	65260	84919	90637	90843	25880	55667	6322	54468	55636	131474	64841	163859	203228	139231	11216	254170	139596	729967	157769	84450	163882	55122	80007	347862	66036	56474
41	1.0	26511	8915	84079	11193	1453	6722	54537	9129	51447	55578	10206	129531	7536	11338	11044	10482	84864	84270	64745	3607	1857	1371	23054	151871	126282	55211	64429	22893	3104	389792	7067	29057	8559	57591
42	1.0	6509	7296	57099	56888	16	90956	7533	22809	8140	8565	26227	4141	833	6520	23654	83667	9518	440	5106	29789	6301	57761	23344	1649	6541	29968	10626	23657	11072	4482	6396	9780	23596	84649
43	1.0	84172	54552	51010	55209	7840	51520	90338	23598	55157	10940	55142	118987	91452	9510	80097	400949	222161	64421	23181	55771	285231	2967	54441	7516	81856	377630	391627	392197	83955	83844	4983	79979	54811
44	1.0	51094	2771	527	381	553115	162	4758	5226	535	1212	537	1845	10121	334	9784	5306	6050	54472	10043	51117	4947	10567	1173	1312	10956	11337	9114	7165	8775	10066	440400	3611	375
45	1.0	26996	113402	195827	140739	3099	10788	57488	30001	54583	56994	9517	1955	58515	5163	10451	54502	29886	78996	151987	153241	11320	441168	64417	59345	55711	55787	80196	55671	58475	23216	29923	54978
46	1.0	339745	81606	8507	8897	28951	9217	10395	8613	11060	1762	6251	51231	10868	84461	10869	23543	1822	23328	121512	123606	26960	5156	653464	152503	23380	1760	8216	2192	51274	55103	4212	3425
47	1.0	1001	999	55654	124583	28991	55909	10904	65264	8502	255488	64114	55739	63916	115992	5663	5664	1500	10653	29916	64207	57217	9414	121665	51547	79720	1499	9322	1525	23385	55851	8273
48	1.0	8402	513	2109	1891	8574	7384	374291	4720	26073	95	2639	4728	1892	3421	5096	10591	9380	1537	1632	51181	25828	25813	4191	65003	3418	8209	79004	4713	4723	3420	7001
49	1.0	7879	6729	26225	5604	9218	6009	285381	9550	6049	9367	7360	55207	23585	9943	55973	9685	81631	9559	7320	25996	84640	6788	5805	79868	84085	55041	25978	10730	22931	10289
50	1.0	5514	54442	4836	11140	6794	6046	29959	1981	5817	8943	9761	3068	6949	5546	9703	6305	6294	5976	6499	9632	64771	91300	1108	9181	5905	91304	10238	23367	5130
51	1.0	2778	1915	9168	3020	1973	2597	6188	5478	10376	7311	6137	6217	6222	7314	7316	5757	4946	10209	2509	1072	71	60	3146	6175	7178	3151	1937	23521	84790
52	1.0	83939	57621	10165	9577	79184	5935	120534	57587	152137	55109	221830	6443	26258	26503	222658	51193	26061	4898	149371	84991	84190	92689	221035	5325	60558	51720	25979	84142
53	1.0	10009	57599	5090	23020	6256	5564	57085	89796	26985	10474	8078	1050	55677	55813	219333	6667	79726	91	22846	5792	5571	1952	6714	54536	5451	55691	5914	60487
54	1.0	84333	1783	93663	5189	10314	23095	26524	30061	148867	4286	60485	56925	4774	817	50808	9839	54947	79627	55246	134429	55904	57182	54467	2531	64895	54532	55212	79047
55	1.0	56929	100132406	5911	10026	114883	84280	9929	124808	5814	83940	53343	57448	136319	92597	136647	54545	119710	374659	4850	166815	5229	23332	79684	55421	401548	9749	399818	53944
56	1.0	65018	27095	30	10367	9815	49856	51060	79090	10471	5832	93183	51608	27244	26123	56681	50865	3155	2968	6284	3029	51084	780	11257	54936	6535	203	51741	3714
57	1.0	140809	79109	2992	573	7280	9531	28232	56940	9643	29928	10381	10490	25912	9616	6642	9482	79038	3303	9124	93621	3304	10933	4097	83640	57521	2475	26353	84337
58	1.0	5694	5690	8896	5704	7415	51399	55505	5691	8668	5713	5714	51371	7353	83460	10436	5688	5710	5702	5682	5689	5719	9861	5695	5708	55969	5705	5692	5693
59	1.0	9819	23506	5925	1859	23023	10781	5813	9315	3097	8672	204851	1488	22887	6659	29994	5728	23131	10513	6310	10472	157680	3021	8874	23499	7994	23013	23001	171023
60	1.0	11161	54462	8848	5936	9869	55274	60492	10342	81890	6839	9587	5511	5432	219844	54949	56144	64978	8738	1788	55734	23378	4152	2661	333	9094	7088	84966
61	1.0	23505	159090	1861	50809	9939	115752	23609	55425	116988	55110	11112	63891	92399	116228	4209	27067	5532	23334	84933	8945	57704	27348	203197	26190	80208	57184	5566
62	1.0	11266	64222	221908	79008	79714	54973	81875	10283	339229	79447	28955	4832	23511	55794	57473	114785	128710	2072	23224	84464	146956	80198	6415	222229	26151	285367	318
63	1.0	56886	11057	5305	224	23171	27075	58476	57509	80856	25936	57721	4329	22926	51449	54899	55333	25840	2683	84792	55902	93627	9882	90624	84557	79443	89894	54884
64	1.0	894	55320	51765	23531	64859	595	1021	57522	79832	84959	91687	2099	9862	10551	4582	139818	79745	586	5577	54509	283464	29035	84925	2317	2100	23362	284129
65	1.0	708	201254	51218	51287	51121	51367	79590	56954	26589	79622	3145	54948	3028	3396	65265	10248	51373	26519	7965	57019	51081	51728	79081	79077	30968	10328	63875
66	1.0	65108	9500	23564	8623	10162	9618	1465	51604	10916	91663	11230	124997	23363	6919	1627	5069	8705	23787	83892	147015	148932	79188	26958	89797	84289	64219
67	1.0	10425	10783	11252	5170	7581	10194	29068	8449	11244	1355	1743	27340	27436	5279	9897	10746	57805	26608	9391	84060	284273	55339	7582	92	9231	221016
68	1.0	1398	81894	91252	6717	51507	27013	118472	5869	51248	644	84418	83862	57153	220002	57533	2889	56138	56140	56141	80024	84885	80194	4524	653506	9973
69	1.0	59	153222	4323	3488	6876	7169	6840	6654	64224	50862	25897	6525	4256	4629	114907	1291	1264	4016	1293	5159	55959	388403	6095	171024	6453
70	1.0	10016	23593	2801	2551	10241	4591	79027	284058	11201	114822	3983	55861	94039	54840	5116	6711	55471	256471	288	1778	22981	90678	23281	56927
71	1.0	4053	2621	4681	59307	85450	55701	11078	7084	115908	64743	81603	5654	27352	1303	221184	79654	9902	3913	649	4054	5396	4313	3092	6604
72	1.0	401505	51649	121053	51234	84233	92259	388962	91942	51258	131118	51501	112495	339487	118487	150684	84661	51023	64928	54460	64979	84992	51241	11164	84191
73	1.0	2950	1175	4831	81037	10383	5052	4282	5223	2821	10430	533	7086	6888	3939	7167	5230	11332	2023	51142	1460	664	10134	292	226
74	1.0	5311	55837	5494	1112	25949	27250	64750	51247	5934	5921	54741	5527	51185	22863	57181	6595	120	56034	472	5567	214	11215	10464	4781
75	1.0	6304	26010	1213	2145	10401	57659	9338	54470	79921	11328	221294	51566	55075	23492	51309	140597	23177	57496	27018	4306	51186	2878	6594
76	1.0	56851	205327	9330	54542	2131	27242	261726	133619	79269	127253	51643	55364	9306	80143	94005	116254	1266	166968	2932	201973	57231	157506	351
77	1.0	10018	596	598	841	8797	572	843	10327	5872	824	83985	84876	2990	11035	3305	8737	581	1174	6461	92714	356	56834	638
78	1.0	22906	25946	2872	7942	2289	9922	79869	54926	3275	57580	4772	339287	64744	89846	162989	8514	84282	9209	23030	26276	63894	64319	9567
79	1.0	79005	10919	11007	7004	80764	84726	9203	9502	84260	148223	3872	84310	84445	94121	150483	3866	4103	3856	2261	3853	3854	3880	3875
80	1.0	85236	55741	23387	3017	8334	128869	55245	4815	2017	399979	8349	3006	3012	8337	8343	8344	8345	8346	8347	8365	3013	8331	8357
81	1.0	5884	27229	10053	163	22909	10614	23450	57215	11212	5636	3550	55174	55707	9070	114926	1676	6619	54386	285343	7014	58490	85302	81790
82	1.0	10001	55588	84246	9440	112950	10179	10363	55145	9442	51003	51780	54888	84146	91408	90390	59349	5195	80306	219771	219541	81857	9477
83	1.0	91283	79707	8518	55006	84950	57470	5082	23119	9673	55833	55703	23466	11176	9903	54802	9686	7988	51759	359845	55182	57095	55140
84	1.0	6810	23313	29109	81565	64949	9647	22898	271	3399	28988	170463	3340	10645	3628	56996	3397	23549	60678	26173	8861	9907	8692
85	1.0	84641	10617	153339	57103	51527	2182	27032	28962	51528	57552	9525	8027	55858	10254	3685	51030	663	6646	26750	51136	8754	55500
86	1.0	23248	7469	8227	54487	11188	6601	9611	9013	4926	8720	9284	9909	6687	10847	25970	10291	147179	100101267	57787	8603	4221	27005
87	1.0	55556	6652	27102	51312	51260	493856	137682	11160	23587	94081	25879	154743	84513	286148	56898	144245	54495	2944	2946	2947	2948
88	1.0	3098	53335	2026	10253	4651	5217	84058	5213	4628	5214	22927	23321	254863	84153	2824	230	55689	89927	23301	384	64919
89	1.0	8434	132864	639	9710	7770	10782	7596	339324	4084	8671	147923	148266	163081	163087	57711	79896	7699	199704	284406	84419	51276
90	1.0	8548	64089	79577	51616	25871	56254	84693	23774	583	5000	54826	8790	57120	1080	729082	123169	122786	23168	11228	9667	49854
91	1.0	9334	197131	84002	51523	79888	6573	94241	22838	23370	3985	4520	114781	55727	57406	11261	2194	306	5802	79930	55521	84181
92	1.0	842	9921	3069	79016	1642	56616	84937	7335	27071	80344	6872	54812	114825	54764	285172	331	55917	85369	9648	317	8621
93	1.0	473	282991	51225	55081	23557	5423	10656	84708	984	11143	653121	80817	58500	84062	55330	79717	63915	80321	84455	80125	9025
94	1.0	5937	4837	800	4071	7168	3693	3490	1292	55752	1490	2335	284119	7057	11030	64778	3915	857	2012	7045	858	1284
95	1.0	55327	10890	50640	57092	7812	4205	9453	26269	79666	26994	84248	6845	79752	9325	10776	27236	5504	11017	64326	7321	5500
96	1.0	54916	324	7073	5529	84376	9818	9520	8648	23064	7528	10928	54726	57498	26268	26057	1387	55763	27161	55252	4287	8650
97	1.0	84319	11218	51602	30836	57129	494143	129401	84154	55173	64983	55660	84955	29979	54534	51645	87178	84916	91298	54931	113174
98	1.0	51253	51078	83443	51499	4716	140823	4715	154791	56655	26355	91582	27166	84316	4731	79763	219927	128240	64951	84279	51264
99	1.0	30011	143384	2064	5747	9529	1039	8853	1956	79647	867	4354	3909	2887	2065	23650	4233	2886	9564	3082
100	1.0	57606	79142	11021	27163	415116	6730	7268	196383	23261	85027	84275	339230	51538	29115	149420	284004	54859	57617	79660
101	1.0	3728	22883	217	22882	1028	8722	481	4300	4204	347902	23476	29	2052	1124	2941	4335	4782	5986	64847
102	1.0	10808	10728	5481	3308	113251	3320	5917	81542	26973	10914	865	10269	3312	6432	55161	3301	2107	2935	262
103	1.0	196528	23112	51105	26523	54165	23592	29072	23528	57798	8452	57708	80314	7586	11278	27086	23253	143684	255967	22841
104	1.0	29894	55738	8558	89941	256364	22937	10594	8106	23524	57680	26168	22985	8971	65980	578	30827	3661	6625	10494
105	1.0	60468	84231	57655	57459	4215	79594	51619	4644	26001	51255	2011	8867	23386	2550	26040	26993	81572	83719
106	1.0	5601	58497	285362	4802	23039	4800	9927	79735	51495	10277	57658	64426	64854	200933	223	8543	55290	79567
107	1.0	25820	55758	23731	84188	55074	92912	57396	64397	23014	4140	11011	121536	29966	9958	26127	55704	1073	65977
108	1.0	23633	7029	10217	8405	818	8975	10152	4775	23534	83752	10929	4602	23199	1876	64764	6257	5569
109	1.0	26100	90120	347734	2768	1912	26502	26090	55108	1454	54461	1911	22955	221927	80727	83871	5834	955
110	1.0	25816	4094	54504	10457	115207	57493	1601	10184	29940	23022	29969	23433	8942	9935	1462	1545	26509
111	1.0	6307	3156	3157	3422	50814	2222	39	4047	3992	10682	6319	2224	1718	1717	3638	1595	6713
112	1.0	51024	9446	8721	54344	8409	7389	2647	475	5438	10467	5441	27243	4201	28974	653784	2879	6923
113	1.0	22928	286451	10294	23484	10625	27347	2181	171546	64116	93487	5257	4124	51109	3417	10950	64645	201562
114	1.0	7329	6612	26578	2752	55819	7325	7324	23259	9666	6048	128866	51493	22806	9189	4540	91445
115	1.0	56919	285672	80018	201965	84946	7920	54619	160418	55591	57542	90488	84668	57602	55890	79066	64215
116	1.0	30008	25960	64175	84528	113878	114823	129807	1366	169966	5307	8812	57088	27033	54557	54033	79094
117	1.0	4794	9020	10318	5970	9641	7185	5966	4790	7127	79155	4814	51561	4791	8837	6776	5971
118	1.0	2760	1992	1514	3074	5641	2799	7077	966	8992	1318	2517	3597	64747	3482	3459	3988
119	1.0	25865	23625	7297	2580	1877	8567	22992	2870	8525	78994	8729	79903	26000	2975	57130	9546
120	1.0	28972	746	51506	58477	51065	1603	10952	51374	29100	23480	10549	10330	24140	10897	79001
121	1.0	987	2273	27248	5033	10473	9637	5066	54793	2632	51809	2790	444	9240	2729	9061
122	1.0	373	51526	222194	901	9874	10228	26959	23608	55802	7764	23032	51696	10765	6655	4601
123	1.0	10169	29095	55308	84522	64756	151903	55144	51451	84274	57409	122961	64801	84265	51529
124	1.0	128338	57600	79161	57102	221302	55197	84938	56261	79699	94101	192670	387921	151195	84897
125	1.0	7205	64943	55661	7026	84988	54935	29085	23559	90990	3198	3206	3202	3204	3205
126	1.0	653361	56833	968	83937	10859	51296	80896	54	29992	5724	409	10288	11025
127	1.0	10409	7357	1808	50650	6016	3091	51762	4082	2534	23136	10970	493	9448
128	1.0	80233	8019	26012	9772	4134	3636	53635	613	25	51157	2734	28511	6709
129	1.0	84065	79143	10445	22845	997	50813	79581	56257	80789	56905	25855	23647	25920
130	1.0	25904	51143	11124	90268	1967	29101	153443	64398	9125	84318	84328	79796
131	1.0	1477	8089	5889	5111	3251	7374	54148	5810	4116	6118	54107	996
132	1.0	50515	6793	80301	23526	1265	10938	3678	5293	10287	9466	51177	976
133	1.0	9214	4068	915	3702	3507	5551	914	3514	3535	931	3500	939
134	1.0	116540	10654	154467	65990	29086	125988	126328	54958	84326	84313	10273	25824
135	1.0	5537	81847	57132	51652	5828	26175	8634	9204	7328	1176	757	10479
136	1.0	147138	4063	7188	10673	8764	10800	29121	374403	608	23046	916
137	1.0	3338	6901	79874	80228	10603	4034	9138	130557	56850	160	80774
138	1.0	6732	6897	10797	2617	79572	3313	8661	4677	9804	2058	1054
139	1.0	11051	9793	51729	22916	3796	4686	10059	8539	9100	23165	4076
140	1.0	25913	4292	6596	57122	80010	5981	10714	23595	5984	79677	10038
141	1.0	10695	3385	7351	11184	4668	391	63940	4296	9144	116985	951
142	1.0	5768	1509	7318	254102	6448	2022	9961	6778	7030	10312	26020
143	1.0	10659	81553	9659	4208	3716	8522	219654	23048	10602	8905	23157
144	1.0	5520	6879	10015	25843	5516	7871	8428	54918	23011	55791	5519
145	1.0	26751	7091	6397	7799	9792	25948	6907	55818	6018	23390	25963
146	1.0	1605	60685	6721	116138	375790	113419	10444	4779	22839	7376	5528
147	1.0	79036	79873	115704	127703	645455	164127	90410	3887	862	84984
148	1.0	56	84687	1548	1549	1813	4635	2916	29974	5030	60676
149	1.0	1984	5094	3191	7458	5093	10204	6431	1629	54841	83852
150	1.0	4502	4501	4494	4500	4493	4490	4495	4496	4499	645745
151	1.0	11119	170954	340061	84166	128346	84329	64333	115362	64098	150166
152	1.0	10935	55907	8891	100287932	10884	51318	132	10651	79568	56945
153	1.0	274	1856	9092	84954	9513	10025	83605	81926	8907	29952
154	1.0	64772	79970	1663	84851	55210	9675	55687	440081	65010
155	1.0	64105	55789	9585	84057	157313	29089	64946	113115	84930
156	1.0	55168	9817	54939	1155	9158	4580	203069	7936	2067
157	1.0	1495	22875	1182	7763	9813	10611	51141	5445	10552
158	1.0	6683	26036	9926	100128062	4976	8239	7543	7403	54700
159	1.0	51160	79137	26133	55004	57804	369	55324	10421	24148
160	1.0	10922	58485	37	8677	92799	11152	8427	25844	53916
161	1.0	9086	8284	8653	6192	8287	246126	84663	7404
162	1.0	54681	7390	51011	23061	64788	8925	4122	25864
163	1.0	8099	1809	7846	25940	7078	5327	23462	3494
164	1.0	7421	79039	84872	9612	56965	8841	83746	90933
165	1.0	10713	22929	8725	27336	6605	7247	94239	29117
166	1.0	6929	5424	994	5426	790	3835	84823	55038
167	1.0	29887	8767	526	6386	3600	2745	961	6809
168	1.0	55603	2308	3087	8835	7035	4005	7056	6001
169	1.0	9770	5142	6351	1880	6348	969	9308	5996
170	1.0	4033	55843	5579	9750	80342	3903	399	6402
171	1.0	56652	54919	79711	116225	84306	54475	1802	55352
172	1.0	79073	8237	9785	9049	2521	2962	10524	7375
173	1.0	8818	53615	1729	11284	10295	10498	1455	5045
174	1.0	1153	26469	11180	58190	57326	5298	90864	10608
175	1.0	5351	23241	2548	7423	90231	84836	29956	51368
176	1.0	6844	8570	2997	2767	80212	2664	9810	79065
177	1.0	81876	51343	8379	8498	8751	10459	28952	10555
178	1.0	55692	54737	51174	113510	26149	54799	4437
179	1.0	1154	10578	3001	3002	3560	2057	8320
180	1.0	121441	51122	55972	90459	200894	133686	64864
181	1.0	5202	7555	7818	29097	51290	65005	9141
182	1.0	29102	79675	51433	1434	2976	64682	116461
183	1.0	51012	54927	55863	1737	79731	1207	6726
184	1.0	10971	5716	23204	5717	55148	5931	9097
185	1.0	23636	2130	29107	10432	26528	11052	26097
186	1.0	355	79026	388	162394	8795	7430	3572
187	1.0	1475	2219	6279	11027	6280	4318	366
188	1.0	7090	1445	8517	6494	11322	7040	23550
189	1.0	6774	975	2217	7106	10404	1191	1471
190	1.0	6500	1069	404672	9978	83658	63931	90701
191	1.0	1528	10247	10449	4258	9588	38	1666
192	1.0	10455	4285	51660	3032	1376	3030	10667
193	1.0	23412	3281	3682	51019	6993	51227	8655
194	1.0	2805	2806	327	5827	10300	10953	211
195	1.0	10244	84681	11258	1020	8508	51596	51293
196	1.0	9791	25994	54968	3052	1431	3419	80273
197	1.0	7163	3475	64853	27309	11080	23300	2730
198	1.0	2314	84164	9905	23644	22980	81605	5119
199	1.0	4363	6199	65220	26099	2539	5819	11054
200	1.0	11282	2590	9130	11253	58986	83986	1186
201	1.0	5536	1874	8314	23038	51236	11313	2002
202	1.0	1030	57562	57489	266812	1759	28986
203	1.0	10458	2810	11187	1382	6382	3898
204	1.0	57333	51684	55663	55670	58526	84838
205	1.0	182	4853	200030	440675	25832	55672
206	1.0	79670	51307	54454	58508	51271	641298
207	1.0	54838	83737	9683	51429	162427	58493
208	1.0	10813	55922	55149	8562	3837	6418
209	1.0	387103	220134	51692	5393	64965	348235
210	1.0	23517	902	4331	4236	988	22938
211	1.0	9326	51668	29081	6902	6613	7979
212	1.0	993	8438	983	995	1104	898
213	1.0	63979	56916	440145	54801	55326	55632
214	1.0	29078	56943	51406	9532	10920	10200
215	1.0	896	1831	10628	687	54541	5187
216	1.0	5265	728	929	7096	55803	240
217	1.0	25900	1540	79668	53346	9645	10982
218	1.0	9263	10892	1806	55013	196	23075
219	1.0	3566	100	10865	55589	1263	10981
220	1.0	23129	29015	51063	8741	861	637
221	1.0	7097	55332	6347	9332	1193	719
222	1.0	2313	22797	3455	3603	10320	4066
223	1.0	51316	3965	5778	4050	9235	3561
224	1.0	3337	55080	29108	3398	23210	3162
225	1.0	6934	1612	2037	118	23179	54453
226	1.0	51393	83706	50807	7454	7456	2885
227	1.0	5439	28956	51398	9296	51647	64981
228	1.0	84816	10102	55347	56910	9131	51300
229	1.0	84545	3035	51075	9093	94107	26995
230	1.0	1652	645	51734	4357	2184	7263
231	1.0	57472	55342	55749	7525	8493	79665
232	1.0	84993	10488	90522	284361	51400	84232
233	1.0	3043	3048	3047	3040	3045
234	1.0	2983	285	2982	284	7010
235	1.0	81539	117178	253782	83641	57478
236	1.0	919	27040	7535	50852	5335
237	1.0	11232	29945	5428	7748	196513
238	1.0	7594	10793	7639	51351	56242
239	1.0	161742	23243	144402	860	9586
240	1.0	84958	6692	50848	51599	6768
241	1.0	29920	8893	126382	60412	252839
242	1.0	390	657	10769	650	55214
243	1.0	83593	54491	23071	6789	3631
244	1.0	7307	9868	79882	10196	1353
245	1.0	10285	10600	54819	79003	3187
246	1.0	9790	51202	23279	23076	9733
247	1.0	204	6566	4522	2171	7037
248	1.0	23173	29929	4361	10111	9656
249	1.0	6877	1633	4801	81611	84986
250	1.0	79441	55319	151188	55166	115106
251	1.0	4521	29901	55353	27346	23234
252	1.0	55781	29090	22868	6120	79876
253	1.0	6611	10694	5515	1994	55379
254	1.0	134492	23198	6728	54505	23029
255	1.0	10329	79023	60491	8161	5281
256	1.0	2079	10240	2287	64422	11157
257	1.0	55775	10055	8833	642	54881
258	1.0	79664	10426	79866	79072	54680
259	1.0	5634	8836	54069	5932	1478
260	1.0	79709	9454	6385	3315	30851
261	1.0	4242	10866	3384	3071	3635
262	1.0	118429	7048	22936	2004	4860
263	1.0	5899	272	10553	965	8560
264	1.0	51330	9260	140885	7408	8877
265	1.0	23166	2162	7903	55281	51284
266	1.0	3280	55893	9249	116496	8611
267	1.0	51282	51428	10450	51329	25906
268	1.0	9277	9894	27339	5373	55559
269	1.0	2029	29087	55011	27247	10302
270	1.0	4733	55486	147007	529	9167
271	1.0	51497	51069	56993	14	10189
272	1.0	9274	10980	51020	11243	114049
273	1.0	8165	51693	5236	27440	5037
274	1.0	51188	27257	51503	51389	56942
275	1.0	4664	51317	27327	23522	4297
276	1.0	6925	55602	8445	8204	55205
277	1.0	5442	5372	26229	60343	56731
278	1.0	808	7531	4350	4967	54985
279	1.0	168537	26157	84674	27106
280	1.0	2357	54210	6283	23601
281	1.0	4289	379025	57541	57693
282	1.0	23223	56931	79050	55702
283	1.0	3163	80256	55238	28964
284	1.0	55790	8850	9452	8490
285	1.0	79901	2167	948	51313
286	1.0	219749	3708	55529	90627
287	1.0	154807	80777	5356	57223
288	1.0	84067	121274	84939	375593
289	1.0	3176	28959	6414	55365
290	1.0	84230	84868	5452	84689
291	1.0	112812	51537	92609	26262
292	1.0	26292	57380	5134	51691
293	1.0	51605	26574	11091	10910
294	1.0	6917	2773	5898	1615
295	1.0	4928	79959	55164	2965
296	1.0	55270	8727	55276	84131
297	1.0	56852	113130	2175	116028
298	1.0	5558	10635	5422	23649
299	1.0	1017	4999	8914	4998
300	1.0	51603	9816	10623	55341
301	1.0	5734	64651	57162	28984
302	1.0	80183	5791	10019	51816
303	1.0	5271	6574	4864	7378
304	1.0	84159	22856	871	9697
305	1.0	1051	4088	4739	123
306	1.0	10161	4069	1102	25801
307	1.0	6237	373156	8673	23474
308	1.0	123920	51192	5538	145389
309	1.0	5376	445815	2040	10370
310	1.0	10475	3588	5873	3140
311	1.0	3394	695	54436	29760
312	1.0	6362	7941	219972	1234
313	1.0	79180	3660	29950	127544
314	1.0	483	3654	2720	2717
315	1.0	7099	945	1441	2995
316	1.0	715	718	716	710
317	1.0	10618	5025	11120	54676
318	1.0	9056	4065	3127	3117
319	1.0	9936	5547	231	1519
320	1.0	348	717	341	5360
321	1.0	11214	10365	3552	7204
322	1.0	2215	55303	2212	8477
323	1.0	9021	23158	10123	1846
324	1.0	5954	26136	23191	928
325	1.0	10907	5435	25764	2395
326	1.0	2937	10989	11079	2762
327	1.0	84967	6341	9343	84287
328	1.0	23	8636	26284	55135
329	1.0	4833	54976	2030	55968
330	1.0	60386	8882	117246	51204
331	1.0	55256	9538	10939	22818
332	1.0	10072	80347	51629	10422
333	1.0	60314	51102	4913	27349
334	1.0	9470	8890	64963	55735
335	1.0	51295	10067	10899	5886
336	1.0	5756	22920	6733	5870
337	1.0	23635	55279	57561	27125
338	1.0	26019	65109	56890	6787
339	1.0	220594	1060	200576	23318
340	1.0	388677	26137	23047	54469
341	1.0	4131	283209	107
342	1.0	2246	2255	2263
343	1.0	728226	92086	2678
344	1.0	1645	1646	8644
345	1.0	4012	57590	91404
346	1.0	56950	4232	64754
347	1.0	4891	4905	55331
348	1.0	113655	4188	168417
349	1.0	55191	80022	53917
350	1.0	56061	54994	219988
351	1.0	5332	7227	5101
352	1.0	79086	55869	51239
353	1.0	8573	6383	23348
354	1.0	10589	11334	126792
355	1.0	1606	144195	22861
356	1.0	2874	56911	79173
357	1.0	64121	10670	58528
358	1.0	23463	23446	56683
359	1.0	4430	22800	5074
360	1.0	7980	6781	23670
361	1.0	84516	79697	27079
362	1.0	1643	2232	7508
363	1.0	2177	2178	2176
364	1.0	84251	8470	56172
365	1.0	29890	644617	84187
366	1.0	3707	118788	944
367	1.0	116841	84247	57678
368	1.0	338692	374666	94097
369	1.0	51275	152217	138716
370	1.0	51280	6837	55090
371	1.0	8439	91754	7786
372	1.0	57062	5300	54903
373	1.0	644315	220717	647099
374	1.0	1837	1756	287
375	1.0	57823	26228	952
376	1.0	1675	1066	5199
377	1.0	152485	5087	4211
378	1.0	79058	155066	26999
379	1.0	84898	57698	6252
380	1.0	29128	84250	221150
381	1.0	10250	6742	11103
382	1.0	22934	23016	7756
383	1.0	23760	9782	10762
384	1.0	64216	53371	51441
385	1.0	81873	79693	51022
386	1.0	51263	134430	29883
387	1.0	51029	55732	84908
388	1.0	57050	8454	11171
389	1.0	93081	8819	4200
390	1.0	54969	7518	23421
391	1.0	9267	5272	8635
392	1.0	27128	64115	9051
393	1.0	1438	8875	6504
394	1.0	7132	10106	8717
395	1.0	6867	4217	754
396	1.0	51466	81552	1796
397	1.0	311	81855	6195
398	1.0	26051	3927	10801
399	1.0	4818	8530	6964
400	1.0	8013	1326	1959
401	1.0	79890	2000	10616
402	1.0	56829	91351	55008
403	1.0	113791	11067	9881
404	1.0	55577	23307	10906
405	1.0	26191	113	10154
406	1.0	3423	23710	8878
407	1.0	6364	58191	3557
408	1.0	3987	5352	9404
409	1.0	101	3676	3695
410	1.0	5580	6464	9261
411	1.0	123803	7107	8934
412	1.0	6775	51411	6614
413	1.0	197370	79033	10400
414	1.0	29098	51016	84934
415	1.0	84798	8884	65083
416	1.0	65991	6727	10284
417	1.0	7416	23107	64087
418	1.0	9361	51025	2021
419	1.0	56984	2098	25814
420	1.0	8892	55272	1211
421	1.0	3613	740	7867
422	1.0	84284	9553	51522
423	1.0	2653	25915	81853
424	1.0	51504	10534	5436
425	1.0	5531	5050	10519
426	1.0	4077	84896	51534
427	1.0	51232	79912	23091
428	1.0	283131	378938	9208
429	1.0	989	23271	54477
430	1.0	1497	5987	57192
431	1.0	7753	25888
432	1.0	7016	81848
433	1.0	23410	56912
434	1.0	124245	114884
435	1.0	4008	337867
436	1.0	54494	729013
437	1.0	1287	1288
438	1.0	1742	2066
439	1.0	5590	23286
440	1.0	207063	54982
441	1.0	8321	7474
442	1.0	9806	8718
443	1.0	23617	60385
444	1.0	54961	29984
445	1.0	387680	253725
446	1.0	64396	2577
447	1.0	9382	25839
448	1.0	27286	55742
449	1.0	285812	54438
450	1.0	6710	286
451	1.0	57126	30818
452	1.0	3214	3213
453	1.0	390980	55254
454	1.0	5349	54869
455	1.0	55668	402483
456	1.0	64499	7177
457	1.0	79614	4883
458	1.0	4916	63876
459	1.0	5077	6663
460	1.0	84457	5152
461	1.0	5473	5196
462	1.0	55349	63827
463	1.0	55644	57505
464	1.0	5646	5645
465	1.0	5678	5675
466	1.0	80174	83755
467	1.0	816	815
468	1.0	8362	8363
469	1.0	10870	340348
470	1.0	5993	143
471	1.0	8115	933
472	1.0	973	974
473	1.0	923	921
474	1.0	134359	51091
475	1.0	3674	3690
476	1.0	7187	26146
477	1.0	9368	83874
478	1.0	96764	221710
479	1.0	339175	7706
480	1.0	23161	55105
481	1.0	8100	23059
482	1.0	129563	9638
483	1.0	9617	23078
484	1.0	151254	56159
485	1.0	7402	6641
486	1.0	8659	4598
487	1.0	79897	8270
488	1.0	3142	170575
489	1.0	1025	904
490	1.0	54602	4734
491	1.0	146050	144438
492	1.0	7327	550
493	1.0	4839	83743
494	1.0	541578	91966
495	1.0	28755	28639
496	1.0	22836	54953
497	1.0	64083	55773
498	1.0	5584	56288
499	1.0	924	6932
500	1.0	51474	58533
501	1.0	22950	9913
502	1.0	23621	134265
503	1.0	10636	2185
504	1.0	29926	29925
505	1.0	11024	27036
506	1.0	2358	11314
507	1.0	113263	6506
508	1.0	4771	9730
509	1.0	54788	6468
510	1.0	8694	6609
511	1.0	51112	25851
512	1.0	10296	4043
513	1.0	56970	23326
514	1.0	57048	23180
515	1.0	114569	54845
516	1.0	114798	2043
517	1.0	158293	1106
518	1.0	22808	137872
519	1.0	26224	1602
520	1.0	2119	1687
521	1.0	116224	55014
522	1.0	6038	283
523	1.0	92241	54518
524	1.0	51530	55662
525	1.0	339500	55814
526	1.0	122525	54843
527	1.0	5118	2619
528	1.0	56922	5095
529	1.0	286257	728489
530	1.0	3980	81887
531	1.0	5795	54331
532	1.0	161	55615
533	1.0	84186	25782
534	1.0	57584	25778
535	1.0	8028	4863
536	1.0	54780	7507
537	1.0	58487	55167
538	1.0	4092	4091
539	1.0	25793	9491
540	1.0	51542	253558
541	1.0	55422	84527
542	1.0	360	688
543	1.0	140775	5326
544	1.0	3709	51768
545	1.0	23052	2581
546	1.0	64374	54732
547	1.0	6813	51291
548	1.0	11221	90102
549	1.0	11039	4671
550	1.0	57763	54872
551	1.0	54920	54913
552	1.0	359948	51776
553	1.0	114876	4199
554	1.0	8974	55076
555	1.0	150223	171568
556	1.0	667	23043
557	1.0	56342	8568
558	1.0	5450	51237
559	1.0	1728	8544
560	1.0	6253	4900
561	1.0	22995	348654
562	1.0	8910	23089
563	1.0	84034	84695
564	1.0	29993	4509
565	1.0	221955	23761
566	1.0	3858	147184
567	1.0	54815	85377
568	1.0	115294	221895
569	1.0	10712	90780
570	1.0	286336	285628
571	1.0	57727	4957
572	1.0	1999	26298
573	1.0	10174	8425
574	1.0	26058	6638
575	1.0	11270	26147
576	1.0	50488	23648
577	1.0	92181	89970
578	1.0	55114	23151
579	1.0	79144	9230
580	1.0	84656	160760
581	1.0	84335	116983
582	1.0	23365	80127
583	1.0	7695	80264
584	1.0	57506	54858
585	1.0	55294	253714
586	1.0	59338	57189
587	1.0	23395	23065
588	1.0	7082	2697
589	1.0	5829	3691
590	1.0	2629	3073
591	1.0	51246	4343
592	1.0	10630	135228
593	1.0	23012	51108
594	1.0	26086	339965
595	1.0	50810	56255
596	1.0	84299	6388
597	1.0	373509	79659
598	1.0	10663	3003
599	1.0	2113	60436
600	1.0	23092	1130
601	1.0	23527	254251
602	1.0	10270	9989
603	1.0	10082	8829
604	1.0	8500	83548
605	1.0	439921	2869
606	1.0	64926	50619
607	1.0	10227	64780
608	1.0	55239	55718
609	1.0	8243	8458
610	1.0	92140	6629
611	1.0	29893	54821
612	1.0	6873	7690
613	1.0	1031	97
614	1.0	55795	27131
615	1.0	23590	58516
616	1.0	8732	55975
617	1.0	9401	9088
618	1.0	23082	51651
619	1.0	10465	220042
620	1.0	3150	79022
621	1.0	90861	23468
622	1.0	23379	60561
623	1.0	1763	29980
624	1.0	23258	83440
625	1.0	9997	8566
626	1.0	3164	23135
627	1.0	9830	25939
628	1.0	5583	26207
629	1.0	51303	11040
630	1.0	2791	2034
631	1.0	840	4277
632	1.0	202	5836
633	1.0	64581	729230
634	1.0	11182	8303
635	1.0	11343	6653
636	1.0	57169	6891
637	1.0	55052	28973
638	1.0	2987	51070
639	1.0	84987	4738
640	1.0	22907	55178
641	1.0	51805	84817
642	1.0	84331	57291
643	1.0	7332	5510
644	1.0	11325	9527
645	1.0	6429	60313
646	1.0	2073	2804
647	1.0	84869	9852
648	1.0	100049716
649	1.0	10005
650	1.0	10008
651	1.0	100128140
652	1.0	10013
653	1.0	100130211
654	1.0	100130890
655	1.0	100131096
656	1.0	51564
657	1.0	100288939
658	1.0	1003
659	1.0	3791
660	1.0	10039
661	1.0	126961
662	1.0	10044
663	1.0	221656
664	1.0	51256
665	1.0	9282
666	1.0	54955
667	1.0	81566
668	1.0	65263
669	1.0	5609
670	1.0	78992
671	1.0	81622
672	1.0	10068
673	1.0	10079
674	1.0	727936
675	1.0	51706
676	1.0	113000
677	1.0	140606
678	1.0	4862
679	1.0	5806
680	1.0	10127
681	1.0	582
682	1.0	285268
683	1.0	80775
684	1.0	55240
685	1.0	10148
686	1.0	10164
687	1.0	89122
688	1.0	64773
689	1.0	81888
690	1.0	54806
691	1.0	10188
692	1.0	1029
693	1.0	26515
694	1.0	7562
695	1.0	8851
696	1.0	10205
697	1.0	285704
698	1.0	1032
699	1.0	4507
700	1.0	55100
701	1.0	57508
702	1.0	124995
703	1.0	5892
704	1.0	10243
705	1.0	654483
706	1.0	4968
707	1.0	50484
708	1.0	9779
709	1.0	22978
710	1.0	10627
711	1.0	162073
712	1.0	9363
713	1.0	10322
714	1.0	10324
715	1.0	202333
716	1.0	113189
717	1.0	10336
718	1.0	54622
719	1.0	2627
720	1.0	90550
721	1.0	26277
722	1.0	10406
723	1.0	10681
724	1.0	10413
725	1.0	10417
726	1.0	29062
727	1.0	114791
728	1.0	28831
729	1.0	10435
730	1.0	54977
731	1.0	7462
732	1.0	10439
733	1.0	4915
734	1.0	55761
735	1.0	150372
736	1.0	29781
737	1.0	84126
738	1.0	89891
739	1.0	501
740	1.0	7105
741	1.0	26471
742	1.0	283237
743	1.0	64419
744	1.0	56983
745	1.0	132789
746	1.0	128637
747	1.0	10499
748	1.0	3590
749	1.0	221458
750	1.0	27043
751	1.0	10520
752	1.0	79744
753	1.0	10522
754	1.0	6944
755	1.0	9776
756	1.0	7775
757	1.0	10540
758	1.0	55536
759	1.0	215
760	1.0	54974
761	1.0	8924
762	1.0	6607
763	1.0	51176
764	1.0	10634
765	1.0	10644
766	1.0	23150
767	1.0	6992
768	1.0	414328
769	1.0	340252
770	1.0	254065
771	1.0	6835
772	1.0	201725
773	1.0	10738
774	1.0	10741
775	1.0	10745
776	1.0	10755
777	1.0	9891
778	1.0	24139
779	1.0	8322
780	1.0	10806
781	1.0	4646
782	1.0	64787
783	1.0	2766
784	1.0	255252
785	1.0	375387
786	1.0	132160
787	1.0	10874
788	1.0	256236
789	1.0	10900
790	1.0	10903
791	1.0	196394
792	1.0	83638
793	1.0	221545
794	1.0	7701
795	1.0	10978
796	1.0	92999
797	1.0	170549
798	1.0	10948
799	1.0	9781
800	1.0	25895
801	1.0	92979
802	1.0	8462
803	1.0	23042
804	1.0	51008
805	1.0	55012
806	1.0	9690
807	1.0	120103
808	1.0	401152
809	1.0	5191
810	1.0	10999
811	1.0	170082
812	1.0	55367
813	1.0	11013
814	1.0	2519
815	1.0	11015
816	1.0	11020
817	1.0	9374
818	1.0	947
819	1.0	85403
820	1.0	138199
821	1.0	258010
822	1.0	80821
823	1.0	2137
824	1.0	11066
825	1.0	348793
826	1.0	84196
827	1.0	9738
828	1.0	201161
829	1.0	11096
830	1.0	84952
831	1.0	11117
832	1.0	11129
833	1.0	11138
834	1.0	338657
835	1.0	441242
836	1.0	112483
837	1.0	83692
838	1.0	2530
839	1.0	51126
840	1.0	11165
841	1.0	1117
842	1.0	11170
843	1.0	25930
844	1.0	112
845	1.0	157285
846	1.0	11217
847	1.0	1122
848	1.0	653252
849	1.0	11226
850	1.0	112401
851	1.0	112574
852	1.0	79706
853	1.0	57799
854	1.0	112849
855	1.0	343099
856	1.0	63877
857	1.0	25989
858	1.0	9670
859	1.0	55776
860	1.0	113178
861	1.0	113246
862	1.0	1879
863	1.0	84759
864	1.0	11336
865	1.0	133957
866	1.0	113444
867	1.0	113457
868	1.0	166379
869	1.0	56985
870	1.0	113675
871	1.0	144811
872	1.0	57038
873	1.0	114659
874	1.0	50804
875	1.0	114879
876	1.0	84236
877	1.0	25953
878	1.0	115
879	1.0	115098
880	1.0	2584
881	1.0	1152
882	1.0	123096
883	1.0	552889
884	1.0	115352
885	1.0	115353
886	1.0	26253
887	1.0	7733
888	1.0	115817
889	1.0	116159
890	1.0	116984
891	1.0	54540
892	1.0	55716
893	1.0	85007
894	1.0	51277
895	1.0	117289
896	1.0	128989
897	1.0	84304
898	1.0	117584
899	1.0	118424
900	1.0	118426
901	1.0	84264
902	1.0	119016
903	1.0	401494
904	1.0	51196
905	1.0	5318
906	1.0	412
907	1.0	4126
908	1.0	120227
909	1.0	120526
910	1.0	120892
911	1.0	121260
912	1.0	84945
913	1.0	92017
914	1.0	122553
915	1.0	123720
916	1.0	123016
917	1.0	123036
918	1.0	123207
919	1.0	123355
920	1.0	55180
921	1.0	6363
922	1.0	124044
923	1.0	1241
924	1.0	27141
925	1.0	124460
926	1.0	124935
927	1.0	125
928	1.0	81619
929	1.0	83642
930	1.0	126272
931	1.0	126364
932	1.0	3212
933	1.0	126731
934	1.0	1269
935	1.0	144363
936	1.0	79932
937	1.0	127281
938	1.0	127396
939	1.0	146923
940	1.0	90121
941	1.0	5154
942	1.0	129285
943	1.0	1294
944	1.0	64147
945	1.0	129787
946	1.0	828
947	1.0	131034
948	1.0	26984
949	1.0	131544
950	1.0	131566
951	1.0	131583
952	1.0	131616
953	1.0	132241
954	1.0	133383
955	1.0	133746
956	1.0	1359
957	1.0	1368
958	1.0	1378
959	1.0	138151
960	1.0	138428
961	1.0	5144
962	1.0	140459
963	1.0	57402
964	1.0	140691
965	1.0	140901
966	1.0	142940
967	1.0	143279
968	1.0	144108
969	1.0	144165
970	1.0	144717
971	1.0	55343
972	1.0	145173
973	1.0	9266
974	1.0	145438
975	1.0	64324
976	1.0	145508
977	1.0	145553
978	1.0	153396
979	1.0	55527
980	1.0	5055
981	1.0	9060
982	1.0	146439
983	1.0	79784
984	1.0	146849
985	1.0	81628
986	1.0	23545
987	1.0	84514
988	1.0	147687
989	1.0	79692
990	1.0	84911
991	1.0	147991
992	1.0	148156
993	1.0	148413
994	1.0	148581
995	1.0	8986
996	1.0	92170
997	1.0	9057
998	1.0	150776
999	1.0	1593
1000	1.0	163786
1001	1.0	55344
1002	1.0	730092
1003	1.0	55793
1004	1.0	80335
1005	1.0	51703
1006	1.0	151887
1007	1.0	151963
1008	1.0	51752
1009	1.0	64420
1010	1.0	683
1011	1.0	22849
1012	1.0	403341
1013	1.0	56262
1014	1.0	152185
1015	1.0	1522
1016	1.0	152273
1017	1.0	54020
1018	1.0	83606
1019	1.0	9825
1020	1.0	154007
1021	1.0	154141
1022	1.0	1559
1023	1.0	155370
1024	1.0	8792
1025	1.0	389677
1026	1.0	9530
1027	1.0	51654
1028	1.0	158158
1029	1.0	159013
1030	1.0	159091
1031	1.0	79725
1032	1.0	79365
1033	1.0	84886
1034	1.0	162417
1035	1.0	1628
1036	1.0	162966
1037	1.0	162967
1038	1.0	92285
1039	1.0	80148
1040	1.0	1659
1041	1.0	80331
1042	1.0	168374
1043	1.0	170371
1044	1.0	170384
1045	1.0	23417
1046	1.0	406947
1047	1.0	27034
1048	1.0	1741
1049	1.0	9853
1050	1.0	1787
1051	1.0	18
1052	1.0	6505
1053	1.0	23250
1054	1.0	825
1055	1.0	1832
1056	1.0	1842
1057	1.0	84080
1058	1.0	2931
1059	1.0	1875
1060	1.0	23090
1061	1.0	1889
1062	1.0	4817
1063	1.0	84276
1064	1.0	1903
1065	1.0	1909
1066	1.0	91151
1067	1.0	192111
1068	1.0	7678
1069	1.0	84327
1070	1.0	1942
1071	1.0	80298
1072	1.0	9397
1073	1.0	196483
1074	1.0	90321
1075	1.0	196527
1076	1.0	197342
1077	1.0	57446
1078	1.0	51676
1079	1.0	51341
1080	1.0	8704
1081	1.0	199675
1082	1.0	199745
1083	1.0	199953
1084	1.0	84220
1085	1.0	200186
1086	1.0	200734
1087	1.0	79780
1088	1.0	200942
1089	1.0	2013
1090	1.0	90853
1091	1.0	2015
1092	1.0	201595
1093	1.0	55227
1094	1.0	79734
1095	1.0	2321
1096	1.0	6812
1097	1.0	55709
1098	1.0	9364
1099	1.0	203547
1100	1.0	205
1101	1.0	2077
1102	1.0	85358
1103	1.0	210
1104	1.0	26148
1105	1.0	55329
1106	1.0	216
1107	1.0	760
1108	1.0	85451
1109	1.0	403313
1110	1.0	85025
1111	1.0	51513
1112	1.0	79228
1113	1.0	219402
1114	1.0	400569
1115	1.0	9441
1116	1.0	25959
1117	1.0	2203
1118	1.0	387357
1119	1.0	387101
1120	1.0	220869
1121	1.0	220992
1122	1.0	2214
1123	1.0	3820
1124	1.0	221477
1125	1.0	221491
1126	1.0	221496
1127	1.0	83938
1128	1.0	221749
1129	1.0	3778
1130	1.0	283643
1131	1.0	7109
1132	1.0	222389
1133	1.0	27111
1134	1.0	222484
1135	1.0	65244
1136	1.0	54566
1137	1.0	8324
1138	1.0	22834
1139	1.0	5208
1140	1.0	22879
1141	1.0	22880
1142	1.0	26018
1143	1.0	7553
1144	1.0	22890
1145	1.0	22897
1146	1.0	22900
1147	1.0	257106
1148	1.0	23314
1149	1.0	51028
1150	1.0	55552
1151	1.0	9725
1152	1.0	283991
1153	1.0	25853
1154	1.0	79828
1155	1.0	283537
1156	1.0	51201
1157	1.0	55187
1158	1.0	80067
1159	1.0	92806
1160	1.0	22993
1161	1.0	80742
1162	1.0	9807
1163	1.0	23031
1164	1.0	23033
1165	1.0	23060
1166	1.0	5089
1167	1.0	23074
1168	1.0	23085
1169	1.0	23087
1170	1.0	55553
1171	1.0	57669
1172	1.0	80790
1173	1.0	81562
1174	1.0	55812
1175	1.0	285331
1176	1.0	23132
1177	1.0	64857
1178	1.0	290
1179	1.0	23169
1180	1.0	23207
1181	1.0	84890
1182	1.0	23233
1183	1.0	23236
1184	1.0	23239
1185	1.0	23266
1186	1.0	23276
1187	1.0	23294
1188	1.0	4952
1189	1.0	79963
1190	1.0	23352
1191	1.0	376940
1192	1.0	5287
1193	1.0	57539
1194	1.0	9640
1195	1.0	23382
1196	1.0	26037
1197	1.0	23403
1198	1.0	23420
1199	1.0	730094
1200	1.0	23438
1201	1.0	8396
1202	1.0	84081
1203	1.0	5310
1204	1.0	57544
1205	1.0	23533
1206	1.0	23600
1207	1.0	23642
1208	1.0	5252
1209	1.0	23708
1210	1.0	23759
1211	1.0	24147
1212	1.0	5616
1213	1.0	7544
1214	1.0	284086
1215	1.0	25962
1216	1.0	64376
1217	1.0	255919
1218	1.0	3116
1219	1.0	2563
1220	1.0	55610
1221	1.0	256691
1222	1.0	54855
1223	1.0	26235
1224	1.0	51735
1225	1.0	257415
1226	1.0	8310
1227	1.0	25802
1228	1.0	7776
1229	1.0	25862
1230	1.0	79089
1231	1.0	25885
1232	1.0	51463
1233	1.0	80150
1234	1.0	25925
1235	1.0	63897
1236	1.0	25927
1237	1.0	259282
1238	1.0	3622
1239	1.0	57649
1240	1.0	25943
1241	1.0	388969
1242	1.0	7561
1243	1.0	80318
1244	1.0	90871
1245	1.0	25988
1246	1.0	26002
1247	1.0	26005
1248	1.0	63874
1249	1.0	56948
1250	1.0	80336
1251	1.0	26034
1252	1.0	26112
1253	1.0	26140
1254	1.0	85315
1255	1.0	55728
1256	1.0	26260
1257	1.0	29841
1258	1.0	345757
1259	1.0	80071
1260	1.0	80818
1261	1.0	27129
1262	1.0	3316
1263	1.0	2681
1264	1.0	80305
1265	1.0	27004
1266	1.0	51059
1267	1.0	2706
1268	1.0	83481
1269	1.0	27090
1270	1.0	27113
1271	1.0	56998
1272	1.0	27240
1273	1.0	27241
1274	1.0	54842
1275	1.0	27253
1276	1.0	27295
1277	1.0	27299
1278	1.0	27303
1279	1.0	84961
1280	1.0	27341
1281	1.0	27433
1282	1.0	30815
1283	1.0	59271
1284	1.0	2793
1285	1.0	2819
1286	1.0	4684
1287	1.0	57556
1288	1.0	282809
1289	1.0	282974
1290	1.0	2833
1291	1.0	283518
1292	1.0	283578
1293	1.0	283638
1294	1.0	80772
1295	1.0	284029
1296	1.0	55731
1297	1.0	89849
1298	1.0	6005
1299	1.0	5786
1300	1.0	5269
1301	1.0	28970
1302	1.0	28976
1303	1.0	28982
1304	1.0	4311
1305	1.0	29103
1306	1.0	55605
1307	1.0	93323
1308	1.0	80824
1309	1.0	4110
1310	1.0	374986
1311	1.0	51027
1312	1.0	2909
1313	1.0	291
1314	1.0	8936
1315	1.0	2917
1316	1.0	653659
1317	1.0	81618
1318	1.0	2957
1319	1.0	7978
1320	1.0	29763
1321	1.0	8996
1322	1.0	50485
1323	1.0	29911
1324	1.0	29922
1325	1.0	399909
1326	1.0	51061
1327	1.0	7975
1328	1.0	79691
1329	1.0	2999
1330	1.0	57507
1331	1.0	53918
1332	1.0	3039
1333	1.0	56606
1334	1.0	5883
1335	1.0	30833
1336	1.0	85365
1337	1.0	79956
1338	1.0	3200
1339	1.0	3207
1340	1.0	3215
1341	1.0	3216
1342	1.0	323
1343	1.0	326626
1344	1.0	3269
1345	1.0	4595
1346	1.0	3382
1347	1.0	3559
1348	1.0	7566
1349	1.0	340533
1350	1.0	9378
1351	1.0	5875
1352	1.0	374443
1353	1.0	56670
1354	1.0	57724
1355	1.0	346389
1356	1.0	3481
1357	1.0	35
1358	1.0	7018
1359	1.0	54776
1360	1.0	926
1361	1.0	5027
1362	1.0	3593
1363	1.0	36
1364	1.0	63948
1365	1.0	4899
1366	1.0	3632
1367	1.0	3643
1368	1.0	399687
1369	1.0	6590
1370	1.0	959
1371	1.0	3705
1372	1.0	55192
1373	1.0	374655
1374	1.0	3757
1375	1.0	3764
1376	1.0	58494
1377	1.0	57706
1378	1.0	3775
1379	1.0	3783
1380	1.0	3822
1381	1.0	3823
1382	1.0	57180
1383	1.0	388697
1384	1.0	3908
1385	1.0	768211
1386	1.0	3934
1387	1.0	4360
1388	1.0	3993
1389	1.0	4240
1390	1.0	400073
1391	1.0	5830
1392	1.0	402055
1393	1.0	51744
1394	1.0	4070
1395	1.0	9536
1396	1.0	51104
1397	1.0	408
1398	1.0	53340
1399	1.0	6498
1400	1.0	83700
1401	1.0	57060
1402	1.0	91694
1403	1.0	8760
1404	1.0	4147
1405	1.0	414919
1406	1.0	58486
1407	1.0	6091
1408	1.0	9788
1409	1.0	4261
1410	1.0	9896
1411	1.0	80262
1412	1.0	64225
1413	1.0	5871
1414	1.0	4312
1415	1.0	4325
1416	1.0	441258
1417	1.0	5205
1418	1.0	79070
1419	1.0	4513
1420	1.0	89857
1421	1.0	79738
1422	1.0	5549
1423	1.0	728264
1424	1.0	84870
1425	1.0	4643
1426	1.0	4647
1427	1.0	79712
1428	1.0	8774
1429	1.0	652607
1430	1.0	4680
1431	1.0	79719
1432	1.0	51705
1433	1.0	7405
1434	1.0	8742
1435	1.0	474354
1436	1.0	57679
1437	1.0	54873
1438	1.0	5999
1439	1.0	89882
1440	1.0	4799
1441	1.0	56654
1442	1.0	90850
1443	1.0	634
1444	1.0	494150
1445	1.0	7117
1446	1.0	4958
1447	1.0	4969
1448	1.0	57017
1449	1.0	91782
1450	1.0	58480
1451	1.0	80853
1452	1.0	85463
1453	1.0	57107
1454	1.0	80031
1455	1.0	51667
1456	1.0	51098
1457	1.0	51144
1458	1.0	51230
1459	1.0	51244
1460	1.0	54439
1461	1.0	85395
1462	1.0	6357
1463	1.0	79788
1464	1.0	51375
1465	1.0	54432
1466	1.0	5140
1467	1.0	653519
1468	1.0	5150
1469	1.0	54823
1470	1.0	6092
1471	1.0	55831
1472	1.0	84134
1473	1.0	85021
1474	1.0	63905
1475	1.0	55437
1476	1.0	55146
1477	1.0	5210
1478	1.0	90693
1479	1.0	55357
1480	1.0	9342
1481	1.0	9228
1482	1.0	5296
1483	1.0	9945
1484	1.0	8225
1485	1.0	84975
1486	1.0	84168
1487	1.0	53829
1488	1.0	64094
1489	1.0	84624
1490	1.0	54965
1491	1.0	9925
1492	1.0	541471
1493	1.0	54149
1494	1.0	54733
1495	1.0	57551
1496	1.0	7769
1497	1.0	83479
1498	1.0	54465
1499	1.0	54474
1500	1.0	84832
1501	1.0	83903
1502	1.0	9294
1503	1.0	54856
1504	1.0	54522
1505	1.0	84969
1506	1.0	54797
1507	1.0	90075
1508	1.0	54807
1509	1.0	54808
1510	1.0	55744
1511	1.0	54863
1512	1.0	54876
1513	1.0	54941
1514	1.0	55005
1515	1.0	55015
1516	1.0	55020
1517	1.0	55072
1518	1.0	55088
1519	1.0	55106
1520	1.0	55139
1521	1.0	79939
1522	1.0	80311
1523	1.0	55300
1524	1.0	9194
1525	1.0	55219
1526	1.0	9967
1527	1.0	57705
1528	1.0	57118
1529	1.0	9870
1530	1.0	84892
1531	1.0	79776
1532	1.0	7589
1533	1.0	55617
1534	1.0	56928
1535	1.0	55676
1536	1.0	84942
1537	1.0	8642
1538	1.0	79918
1539	1.0	57596
1540	1.0	57519
1541	1.0	55756
1542	1.0	84498
1543	1.0	5603
1544	1.0	55810
1545	1.0	55823
1546	1.0	64860
1547	1.0	5783
1548	1.0	7741
1549	1.0	56134
1550	1.0	56135
1551	1.0	94015
1552	1.0	7726
1553	1.0	9034
1554	1.0	56924
1555	1.0	56937
1556	1.0	56946
1557	1.0	8455
1558	1.0	56963
1559	1.0	64757
1560	1.0	80345
1561	1.0	57144
1562	1.0	57176
1563	1.0	79993
1564	1.0	57213
1565	1.0	7767
1566	1.0	79172
1567	1.0	57530
1568	1.0	9731
1569	1.0	84456
1570	1.0	57685
1571	1.0	6041
1572	1.0	5763
1573	1.0	83478
1574	1.0	57700
1575	1.0	57801
1576	1.0	83549
1577	1.0	978
1578	1.0	9159
1579	1.0	72
1580	1.0	5922
1581	1.0	595101
1582	1.0	5977
1583	1.0	93185
1584	1.0	60681
1585	1.0	642741
1586	1.0	7922
1587	1.0	84818
1588	1.0	64218
1589	1.0	64145
1590	1.0	79915
1591	1.0	79158
1592	1.0	81556
1593	1.0	64412
1594	1.0	6444
1595	1.0	6445
1596	1.0	686
1597	1.0	90060
1598	1.0	64595
1599	1.0	64768
1600	1.0	90135
1601	1.0	9223
1602	1.0	662
1603	1.0	9117
1604	1.0	653226
1605	1.0	653268
1606	1.0	653820
1607	1.0	6560
1608	1.0	729496
1609	1.0	6650
1610	1.0	84824
1611	1.0	9797
1612	1.0	79786
1613	1.0	7464
1614	1.0	9121
1615	1.0	69
1616	1.0	6940
1617	1.0	7025
1618	1.0	7042
1619	1.0	84976
1620	1.0	81031
1621	1.0	80726
1622	1.0	723790
1623	1.0	7273
1624	1.0	84033
1625	1.0	727851
1626	1.0	728361
1627	1.0	728769
1628	1.0	89958
1629	1.0	84206
1630	1.0	81844
1631	1.0	7503
1632	1.0	8577
1633	1.0	7551
1634	1.0	7564
1635	1.0	80778
1636	1.0	80224
1637	1.0	81558
1638	1.0	8476
1639	1.0	84336
1640	1.0	84444
1641	1.0	79157
1642	1.0	79571
1643	1.0	83932
1644	1.0	90317
1645	1.0	84441
1646	1.0	79829
1647	1.0	79883
1648	1.0	79894
1649	1.0	80011
1650	1.0	80028
1651	1.0	80178
1652	1.0	84222
1653	1.0	84910
1654	1.0	90874
1655	1.0	93643
1656	1.0	8336
1657	1.0	8351
1658	1.0	83897
1659	1.0	83875
1660	1.0	92840
1661	1.0	85441
1662	1.0	9742
1663	1.0	84256
1664	1.0	92345
1665	1.0	84305
1666	1.0	84532
1667	1.0	9563
1668	1.0	84749
1669	1.0	84861
1670	1.0	85301
1671	1.0	874
1672	1.0	90333
1673	1.0	93624
1674	1.0	91316
1675	1.0	91526
1676	1.0	49855
1677	1.0	92344
1678	1.0	4793
1679	1.0	80745
1680	1.0	80895
1681	1.0	940
1682	1.0	10129
1683	1.0	9887
1684	1.0	57720
1685	1.0	79770
1686	1.0	80829
1687	1.0	2235
1688	1.0	55684
1689	1.0	2963
1690	1.0	9541
1691	1.0	8195
1692	1.0	55171
1693	1.0	4798
1694	1.0	10252
1695	1.0	6286
1696	1.0	11275
1697	1.0	1819
1698	1.0	2274
1699	1.0	23175
1700	1.0	100093630
1701	1.0	55748
1702	1.0	835
1703	1.0	51548
1704	1.0	9744
1705	1.0	8816
1706	1.0	55915
1707	1.0	51132
1708	1.0	10787
1709	1.0	5201
1710	1.0	54796
1711	1.0	81671
1712	1.0	84803
1713	1.0	9275
1714	1.0	10137
1715	1.0	80119
1716	1.0	81544
1717	1.0	11068
1718	1.0	6720
1719	1.0	56180
1720	1.0	58488
1721	1.0	84811
1722	1.0	9934
1723	1.0	23312
1724	1.0	221
1725	1.0	92906
1726	1.0	85363
1727	1.0	22870
1728	1.0	54820
1729	1.0	6886
1730	1.0	100188893
1731	1.0	5128
1732	1.0	79595
1733	1.0	11236
1734	1.0	84268
1735	1.0	27010
1736	1.0	65979
1737	1.0	57109
1738	1.0	3112
1739	1.0	10020
1740	1.0	5002
1741	1.0	406
1742	1.0	54434
1743	1.0	54890
1744	1.0	8776
1745	1.0	10293
1746	1.0	5790
1747	1.0	27109
1748	1.0	57862
1749	1.0	80351
1750	1.0	55876
1751	1.0	8233
1752	1.0	57414
1753	1.0	26152
1754	1.0	50717
1755	1.0	55572
1756	1.0	64342
1757	1.0	54108
1758	1.0	64855
1759	1.0	79042
1760	1.0	9692
1761	1.0	114793
1762	1.0	11200
1763	1.0	55084
1764	1.0	11102
1765	1.0	113829
1766	1.0	8876
1767	1.0	8550
1768	1.0	8411
1769	1.0	9570
1770	1.0	22
1771	1.0	29902
1772	1.0	84296
1773	1.0	55151
1774	1.0	55278
1775	1.0	93343
1776	1.0	57082
1777	1.0	57634
1778	1.0	6894
1779	1.0	79573
1780	1.0	79728
1781	1.0	22944
1782	1.0	84524
1783	1.0	23518
1784	1.0	8263
1785	1.0	9657
1786	1.0	57665
1787	1.0	10934
1788	1.0	114908
1789	1.0	51283
1790	1.0	84669
1791	1.0	9778
1792	1.0	309
1793	1.0	9695
1794	1.0	26580
1795	1.0	5294
1796	1.0	5635
1797	1.0	10203
1798	1.0	10208
1799	1.0	54206
1800	1.0	10478
1801	1.0	10078
1802	1.0	23548
1803	1.0	9904
1804	1.0	64794
1805	1.0	55627
1806	1.0	7111
1807	1.0	5711
1808	1.0	7277
1809	1.0	81614
1810	1.0	1827
1811	1.0	1960
1812	1.0	6248
1813	1.0	10225
1814	1.0	22914
1815	1.0	54900
1816	1.0	57666
1817	1.0	169200
1818	1.0	55432
1819	1.0	9064
1820	1.0	9760
1821	1.0	10949
1822	1.0	159
1823	1.0	126626
1824	1.0	200845
1825	1.0	22894
1826	1.0	23185
1827	1.0	26747
1828	1.0	55740
1829	1.0	6154
1830	1.0	7270
1831	1.0	7342
1832	1.0	79009
1833	1.0	53
1834	1.0	80746
1835	1.0	81608
1836	1.0	85313
1837	1.0	56935
1838	1.0	9805
1839	1.0	654816
1840	1.0	4682
1841	1.0	10658
1842	1.0	112936
1843	1.0	2542
1844	1.0	2733
1845	1.0	771
1846	1.0	10239
1847	1.0	5357
1848	1.0	83480
1849	1.0	9324
1850	1.0	84132
1851	1.0	10431
1852	1.0	9317
1853	1.0	79751
1854	1.0	112970
1855	1.0	54929
1856	1.0	5831
1857	1.0	8266
1858	1.0	8834
1859	1.0	54902
1860	1.0	10257
1861	1.0	92335
1862	1.0	23333
1863	1.0	2260
1864	1.0	2309
1865	1.0	24145
1866	1.0	3487
1867	1.0	4234
1868	1.0	9344
1869	1.0	4035
1870	1.0	10965
1871	1.0	54498
1872	1.0	5467
1873	1.0	64110
1874	1.0	64065
1875	1.0	6526
1876	1.0	7126
1877	1.0	60682
1878	1.0	9540
1879	1.0	7743
1880	1.0	6827
1881	1.0	58525
1882	1.0	51147
1883	1.0	55251
1884	1.0	7752
1885	1.0	10272
1886	1.0	115939
1887	1.0	199990
1888	1.0	27183
1889	1.0	54662
1890	1.0	81931
1891	1.0	5833
1892	1.0	4927
1893	1.0	8131
1894	1.0	84219
1895	1.0	84572
1896	1.0	55696
1897	1.0	10276
1898	1.0	4358
1899	1.0	5192
1900	1.0	55163
1901	1.0	10732
1902	1.0	51074
1903	1.0	286053
1904	1.0	57650
1905	1.0	85437
1906	1.0	51009
1907	1.0	55213
1908	1.0	64795
1909	1.0	152518
1910	1.0	55229
1911	1.0	5877
1912	1.0	64863
1913	1.0	50626
1914	1.0	64127
1915	1.0	79168
1916	1.0	51119
1917	1.0	6455
1918	1.0	59277
1919	1.0	91289
1920	1.0	100131713
1921	1.0	23070
1922	1.0	4086
1923	1.0	65057
1924	1.0	7260
1925	1.0	79643
1926	1.0	100131801
1927	1.0	57045
1928	1.0	286514
1929	1.0	136
1930	1.0	115708
1931	1.0	4515
1932	1.0	200916
1933	1.0	54849
1934	1.0	100132910
1935	1.0	26255
1936	1.0	401466
1937	1.0	54458
1938	1.0	57407
1939	1.0	84300
1940	1.0	5218
1941	1.0	54103
1942	1.0	79713
1943	1.0	10124
1944	1.0	593
1945	1.0	29083
1946	1.0	79132
1947	1.0	134266
1948	1.0	5203
1949	1.0	57134
1950	1.0	10385
1951	1.0	6047
1952	1.0	10392
1953	1.0	25847
1954	1.0	55179
1955	1.0	64759
1956	1.0	10398
1957	1.0	10641
1958	1.0	11269
1959	1.0	7170
1960	1.0	54623
1961	1.0	10402
1962	1.0	147841
1963	1.0	10007
1964	1.0	5270
1965	1.0	63893
1966	1.0	25907
1967	1.0	55325
1968	1.0	60560
1969	1.0	10418
1970	1.0	5194
1971	1.0	54496
1972	1.0	8602
1973	1.0	5358
1974	1.0	83596
1975	1.0	3586
1976	1.0	51134
1977	1.0	29957
1978	1.0	10428
1979	1.0	10613
1980	1.0	64174
1981	1.0	911
1982	1.0	2677
1983	1.0	127687
1984	1.0	2787
1985	1.0	8214
1986	1.0	25921
1987	1.0	54617
1988	1.0	84061
1989	1.0	11326
1990	1.0	5893
1991	1.0	25798
1992	1.0	587
1993	1.0	51571
1994	1.0	9054
1995	1.0	55647
1996	1.0	5918
1997	1.0	6452
1998	1.0	2630
1999	1.0	8604
2000	1.0	7850
2001	1.0	79037
2002	1.0	8459
2003	1.0	8843
2004	1.0	8869
2005	1.0	497661
2006	1.0	51097
2007	1.0	9519
2008	1.0	2069
2009	1.0	11311
2010	1.0	114327
2011	1.0	22877
2012	1.0	375449
2013	1.0	55268
2014	1.0	23516
2015	1.0	79663
2016	1.0	23597
2017	1.0	8554
2018	1.0	3096
2019	1.0	4698
2020	1.0	8939
2021	1.0	340481
2022	1.0	54987
2023	1.0	51129
2024	1.0	23277
2025	1.0	55009
2026	1.0	55257
2027	1.0	57161
2028	1.0	5166
2029	1.0	93436
2030	1.0	788
2031	1.0	81858
2032	1.0	7991
2033	1.0	6696
2034	1.0	80223
2035	1.0	112869
2036	1.0	280636
2037	1.0	375757
2038	1.0	55624
2039	1.0	79154
2040	1.0	79960
2041	1.0	80346
2042	1.0	64430
2043	1.0	10138
2044	1.0	552900
2045	1.0	10809
2046	1.0	55929
2047	1.0	246175
2048	1.0	2101
2049	1.0	8859
2050	1.0	51
2051	1.0	25977
2052	1.0	9459
2053	1.0	2770
2054	1.0	4281
2055	1.0	79029
2056	1.0	64112
2057	1.0	10210
2058	1.0	130617
2059	1.0	10489
2060	1.0	10767
2061	1.0	11056
2062	1.0	283357
2063	1.0	114034
2064	1.0	134553
2065	1.0	64921
2066	1.0	283742
2067	1.0	284098
2068	1.0	29914
2069	1.0	10144
2070	1.0	51106
2071	1.0	5321
2072	1.0	54915
2073	1.0	55027
2074	1.0	55280
2075	1.0	55958
2076	1.0	5715
2077	1.0	5723
2078	1.0	57456
2079	1.0	64328
2080	1.0	8932
2081	1.0	7392
2082	1.0	65059
2083	1.0	10507
2084	1.0	10509
2085	1.0	10512
2086	1.0	376497
2087	1.0	23208
2088	1.0	26046
2089	1.0	9435
2090	1.0	92002
2091	1.0	8904
2092	1.0	10523
2093	1.0	10629
2094	1.0	10844
2095	1.0	339448
2096	1.0	5863
2097	1.0	78987
2098	1.0	79676
2099	1.0	9552
2100	1.0	1534
2101	1.0	53339
2102	1.0	6617
2103	1.0	7795
2104	1.0	84294
2105	1.0	10807
2106	1.0	2063
2107	1.0	23195
2108	1.0	25983
2109	1.0	3954
2110	1.0	51540
2111	1.0	54938
2112	1.0	54984
2113	1.0	57645
2114	1.0	79035
2115	1.0	79968
2116	1.0	9456
2117	1.0	10533
2118	1.0	10537
2119	1.0	55755
2120	1.0	55845
2121	1.0	79078
2122	1.0	23351
2123	1.0	283254
2124	1.0	5092
2125	1.0	83464
2126	1.0	7993
2127	1.0	28960
2128	1.0	59342
2129	1.0	8879
2130	1.0	51035
2131	1.0	6988
2132	1.0	11033
2133	1.0	127262
2134	1.0	5007
2135	1.0	10193
2136	1.0	51257
2137	1.0	29116
2138	1.0	285237
2139	1.0	11267
2140	1.0	22826
2141	1.0	27429
2142	1.0	56941
2143	1.0	7266
2144	1.0	8625
2145	1.0	11321
2146	1.0	5522
2147	1.0	151579
2148	1.0	4676
2149	1.0	83931
2150	1.0	7265
2151	1.0	88745
2152	1.0	9183
2153	1.0	10579
2154	1.0	157570
2155	1.0	25886
2156	1.0	10791
2157	1.0	51076
2158	1.0	79626
2159	1.0	9467
2160	1.0	1059
2161	1.0	11116
2162	1.0	1789
2163	1.0	55768
2164	1.0	25941
2165	1.0	84844
2166	1.0	51574
2167	1.0	7738
2168	1.0	25998
2169	1.0	11142
2170	1.0	3831
2171	1.0	51133
2172	1.0	645139
2173	1.0	25902
2174	1.0	55093
2175	1.0	84515
2176	1.0	22796
2177	1.0	23673
2178	1.0	57688
2179	1.0	65983
2180	1.0	9110
2181	1.0	7262
2182	1.0	92400
2183	1.0	10621
2184	1.0	10622
2185	1.0	3953
2186	1.0	4276
2187	1.0	11113
2188	1.0	2491
2189	1.0	26586
2190	1.0	286827
2191	1.0	4439
2192	1.0	2936
2193	1.0	114971
2194	1.0	5238
2195	1.0	51626
2196	1.0	84272
2197	1.0	56907
2198	1.0	549
2199	1.0	55111
2200	1.0	91272
2201	1.0	23240
2202	1.0	23345
2203	1.0	90407
2204	1.0	84084
2205	1.0	5394
2206	1.0	140735
2207	1.0	54187
2208	1.0	25911
2209	1.0	55719
2210	1.0	375341
2211	1.0	8658
2212	1.0	476
2213	1.0	60528
2214	1.0	60626
2215	1.0	80755
2216	1.0	92703
2217	1.0	9789
2218	1.0	121457
2219	1.0	441024
2220	1.0	23211
2221	1.0	7046
2222	1.0	55435
2223	1.0	55892
2224	1.0	84458
2225	1.0	84324
2226	1.0	55313
2227	1.0	6513
2228	1.0	3720
2229	1.0	10766
2230	1.0	9475
2231	1.0	80304
2232	1.0	9015
2233	1.0	51335
2234	1.0	10778
2235	1.0	65982
2236	1.0	10795
2237	1.0	1491
2238	1.0	23176
2239	1.0	6624
2240	1.0	57179
2241	1.0	10849
2242	1.0	10855
2243	1.0	51311
2244	1.0	10863
2245	1.0	85440
2246	1.0	9026
2247	1.0	120425
2248	1.0	4481
2249	1.0	59339
2250	1.0	6838
2251	1.0	58527
2252	1.0	56951
2253	1.0	10643
2254	1.0	5533
2255	1.0	347735
2256	1.0	109
2257	1.0	10901
2258	1.0	23613
2259	1.0	90809
2260	1.0	151230
2261	1.0	10905
2262	1.0	23309
2263	1.0	122809
2264	1.0	79612
2265	1.0	64783
2266	1.0	84914
2267	1.0	11083
2268	1.0	7466
2269	1.0	84722
2270	1.0	2135
2271	1.0	6433
2272	1.0	84833
2273	1.0	10924
2274	1.0	84314
2275	1.0	84541
2276	1.0	192669
2277	1.0	81609
2278	1.0	1613
2279	1.0	79872
2280	1.0	30844
2281	1.0	55048
2282	1.0	55544
2283	1.0	10943
2284	1.0	10947
2285	1.0	9917
2286	1.0	127933
2287	1.0	9885
2288	1.0	25901
2289	1.0	29777
2290	1.0	9238
2291	1.0	10966
2292	1.0	25825
2293	1.0	150472
2294	1.0	5019
2295	1.0	80025
2296	1.0	29071
2297	1.0	51635
2298	1.0	5480
2299	1.0	55017
2300	1.0	55204
2301	1.0	84263
2302	1.0	8555
2303	1.0	9213
2304	1.0	55526
2305	1.0	126003
2306	1.0	6231
2307	1.0	122769
2308	1.0	8446
2309	1.0	150678
2310	1.0	64708
2311	1.0	79641
2312	1.0	2071
2313	1.0	55664
2314	1.0	9373
2315	1.0	124491
2316	1.0	79000
2317	1.0	11006
2318	1.0	51123
2319	1.0	91624
2320	1.0	55183
2321	1.0	3101
2322	1.0	712
2323	1.0	2307
2324	1.0	30846
2325	1.0	10011
2326	1.0	4162
2327	1.0	5998
2328	1.0	8572
2329	1.0	9590
2330	1.0	1902
2331	1.0	51363
2332	1.0	5578
2333	1.0	60481
2334	1.0	88455
2335	1.0	1435
2336	1.0	54707
2337	1.0	6924
2338	1.0	11049
2339	1.0	5277
2340	1.0	11104
2341	1.0	60526
2342	1.0	9063
2343	1.0	9329
2344	1.0	284695
2345	1.0	55216
2346	1.0	8440
2347	1.0	130507
2348	1.0	3606
2349	1.0	11062
2350	1.0	3675
2351	1.0	11156
2352	1.0	11070
2353	1.0	51755
2354	1.0	7697
2355	1.0	3257
2356	1.0	4255
2357	1.0	48
2358	1.0	51118
2359	1.0	5627
2360	1.0	55116
2361	1.0	23228
2362	1.0	56548
2363	1.0	5929
2364	1.0	132320
2365	1.0	5933
2366	1.0	63967
2367	1.0	79961
2368	1.0	60493
2369	1.0	7049
2370	1.0	11127
2371	1.0	283899
2372	1.0	23354
2373	1.0	378708
2374	1.0	6941
2375	1.0	51067
2376	1.0	7486
2377	1.0	11145
2378	1.0	23130
2379	1.0	55593
2380	1.0	83696
2381	1.0	1116
2382	1.0	11162
2383	1.0	11163
2384	1.0	2585
2385	1.0	8888
2386	1.0	92106
2387	1.0	11167
2388	1.0	26953
2389	1.0	3556
2390	1.0	9716
2391	1.0	23580
2392	1.0	3718
2393	1.0	57026
2394	1.0	11186
2395	1.0	1119
2396	1.0	11191
2397	1.0	79006
2398	1.0	112840
2399	1.0	157922
2400	1.0	2966
2401	1.0	55291
2402	1.0	56990
2403	1.0	11213
2404	1.0	22990
2405	1.0	28996
2406	1.0	4026
2407	1.0	8609
2408	1.0	5576
2409	1.0	51194
2410	1.0	64425
2411	1.0	55750
2412	1.0	124944
2413	1.0	125144
2414	1.0	389435
2415	1.0	730029
2416	1.0	375056
2417	1.0	137492
2418	1.0	5906
2419	1.0	64210
2420	1.0	89845
2421	1.0	112616
2422	1.0	84343
2423	1.0	11262
2424	1.0	373856
2425	1.0	11276
2426	1.0	11277
2427	1.0	112770
2428	1.0	55101
2429	1.0	7515
2430	1.0	79159
2431	1.0	11309
2432	1.0	79723
2433	1.0	81624
2434	1.0	27238
2435	1.0	653639
2436	1.0	8045
2437	1.0	56938
2438	1.0	64434
2439	1.0	6815
2440	1.0	387522
2441	1.0	113278
2442	1.0	11329
2443	1.0	8663
2444	1.0	387509
2445	1.0	401397
2446	1.0	440275
2447	1.0	54904
2448	1.0	92342
2449	1.0	84317
2450	1.0	57492
2451	1.0	6834
2452	1.0	56267
2453	1.0	79602
2454	1.0	23678
2455	1.0	9706
2456	1.0	2644
2457	1.0	11344
2458	1.0	23582
2459	1.0	23786
2460	1.0	79068
2461	1.0	29844
2462	1.0	114548
2463	1.0	11000
2464	1.0	114609
2465	1.0	114657
2466	1.0	5525
2467	1.0	9886
2468	1.0	286410
2469	1.0	114897
2470	1.0	9812
2471	1.0	57136
2472	1.0	114991
2473	1.0	115024
2474	1.0	65062
2475	1.0	91057
2476	1.0	23768
2477	1.0	9732
2478	1.0	115286
2479	1.0	219931
2480	1.0	6689
2481	1.0	115361
2482	1.0	2120
2483	1.0	91574
2484	1.0	83607
2485	1.0	115509
2486	1.0	115548
2487	1.0	115761
2488	1.0	119392
2489	1.0	116068
2490	1.0	116071
2491	1.0	26119
2492	1.0	1161
2493	1.0	253827
2494	1.0	51279
2495	1.0	253980
2496	1.0	84315
2497	1.0	80005
2498	1.0	80310
2499	1.0	116832
2500	1.0	6895
2501	1.0	121642
2502	1.0	64975
2503	1.0	11319
2504	1.0	4123
2505	1.0	23338
2506	1.0	152007
2507	1.0	128308
2508	1.0	29964
2509	1.0	5291
2510	1.0	124565
2511	1.0	119032
2512	1.0	119504
2513	1.0	2247
2514	1.0	54708
2515	1.0	7511
2516	1.0	84162
2517	1.0	1774
2518	1.0	1777
2519	1.0	1893
2520	1.0	4121
2521	1.0	5184
2522	1.0	949
2523	1.0	51172
2524	1.0	55625
2525	1.0	55898
2526	1.0	65992
2527	1.0	55652
2528	1.0	8189
2529	1.0	84720
2530	1.0	79133
2531	1.0	55852
2532	1.0	387893
2533	1.0	66005
2534	1.0	122704
2535	1.0	122953
2536	1.0	1513
2537	1.0	50615
2538	1.0	8564
2539	1.0	85013
2540	1.0	124222
2541	1.0	92935
2542	1.0	124540
2543	1.0	124801
2544	1.0	23231
2545	1.0	125150
2546	1.0	125476
2547	1.0	126133
2548	1.0	126231
2549	1.0	3486
2550	1.0	4052
2551	1.0	374882
2552	1.0	55630
2553	1.0	6832
2554	1.0	64005
2555	1.0	22795
2556	1.0	3485
2557	1.0	8728
2558	1.0	165
2559	1.0	3489
2560	1.0	3679
2561	1.0	130074
2562	1.0	51006
2563	1.0	84311
2564	1.0	130916
2565	1.0	131601
2566	1.0	54946
2567	1.0	1317
2568	1.0	132158
2569	1.0	132299
2570	1.0	132949
2571	1.0	4017
2572	1.0	10462
2573	1.0	50486
2574	1.0	51251
2575	1.0	5565
2576	1.0	85014
2577	1.0	91419
2578	1.0	1348
2579	1.0	1716
2580	1.0	135
2581	1.0	135293
2582	1.0	139322
2583	1.0	56900
2584	1.0	55824
2585	1.0	1374
2586	1.0	1384
2587	1.0	79607
2588	1.0	158358
2589	1.0	9878
2590	1.0	367
2591	1.0	8569
2592	1.0	5732
2593	1.0	7779
2594	1.0	1723
2595	1.0	139341
2596	1.0	1396
2597	1.0	139886
2598	1.0	140432
2599	1.0	140467
2600	1.0	140576
2601	1.0	55509
2602	1.0	140801
2603	1.0	140838
2604	1.0	140851
2605	1.0	51588
2606	1.0	142678
2607	1.0	143187
2608	1.0	677
2609	1.0	91748
2610	1.0	6688
2611	1.0	22903
2612	1.0	23155
2613	1.0	4931
2614	1.0	5073
2615	1.0	55722
2616	1.0	58155
2617	1.0	8805
2618	1.0	9786
2619	1.0	9937
2620	1.0	9205
2621	1.0	2210
2622	1.0	713
2623	1.0	144581
2624	1.0	221079
2625	1.0	79415
2626	1.0	9600
2627	1.0	208
2628	1.0	145781
2629	1.0	53349
2630	1.0	56997
2631	1.0	57007
2632	1.0	6935
2633	1.0	83716
2634	1.0	25829
2635	1.0	1466
2636	1.0	146691
2637	1.0	146722
2638	1.0	1468
2639	1.0	51304
2640	1.0	51390
2641	1.0	54940
2642	1.0	55181
2643	1.0	57226
2644	1.0	60625
2645	1.0	84859
2646	1.0	22794
2647	1.0	147339
2648	1.0	64407
2649	1.0	55039
2650	1.0	79596
2651	1.0	147929
2652	1.0	148022
2653	1.0	1836
2654	1.0	5796
2655	1.0	80124
2656	1.0	4257
2657	1.0	149951
2658	1.0	150094
2659	1.0	150275
2660	1.0	170622
2661	1.0	200185
2662	1.0	26270
2663	1.0	151050
2664	1.0	151162
2665	1.0	2
2666	1.0	55599
2667	1.0	84460
2668	1.0	284996
2669	1.0	56926
2670	1.0	22911
2671	1.0	1521
2672	1.0	1523
2673	1.0	23051
2674	1.0	1524
2675	1.0	1296
2676	1.0	79830
2677	1.0	152559
2678	1.0	10062
2679	1.0	4128
2680	1.0	153201
2681	1.0	91947
2682	1.0	96459
2683	1.0	79644
2684	1.0	3125
2685	1.0	3710
2686	1.0	153527
2687	1.0	3126
2688	1.0	400916
2689	1.0	50
2690	1.0	154
2691	1.0	54910
2692	1.0	56181
2693	1.0	155435
2694	1.0	156
2695	1.0	157
2696	1.0	81691
2697	1.0	84056
2698	1.0	2078
2699	1.0	7358
2700	1.0	199857
2701	1.0	79695
2702	1.0	3712
2703	1.0	5738
2704	1.0	10466
2705	1.0	873
2706	1.0	393
2707	1.0	10468
2708	1.0	163126
2709	1.0	163486
2710	1.0	2068
2711	1.0	23400
2712	1.0	4665
2713	1.0	223082
2714	1.0	23589
2715	1.0	2152
2716	1.0	23034
2717	1.0	9663
2718	1.0	64793
2719	1.0	1979
2720	1.0	57117
2721	1.0	166785
2722	1.0	166929
2723	1.0	9734
2724	1.0	83448
2725	1.0	353376
2726	1.0	1678
2727	1.0	168455
2728	1.0	5316
2729	1.0	9653
2730	1.0	170510
2731	1.0	64784
2732	1.0	80219
2733	1.0	7108
2734	1.0	9415
2735	1.0	27235
2736	1.0	172
2737	1.0	1730
2738	1.0	1731
2739	1.0	79031
2740	1.0	9512
2741	1.0	6868
2742	1.0	84064
2743	1.0	256586
2744	1.0	54816
2745	1.0	23152
2746	1.0	55666
2747	1.0	55194
2748	1.0	55571
2749	1.0	54874
2750	1.0	4851
2751	1.0	7704
2752	1.0	25777
2753	1.0	83604
2754	1.0	1844
2755	1.0	1969
2756	1.0	3976
2757	1.0	59274
2758	1.0	6558
2759	1.0	7186
2760	1.0	7718
2761	1.0	92610
2762	1.0	54861
2763	1.0	9841
2764	1.0	3508
2765	1.0	55113
2766	1.0	8293
2767	1.0	6645
2768	1.0	1901
2769	1.0	1906
2770	1.0	1910
2771	1.0	94103
2772	1.0	57149
2773	1.0	1948
2774	1.0	196403
2775	1.0	56952
2776	1.0	55193
2777	1.0	493753
2778	1.0	23197
2779	1.0	56478
2780	1.0	8637
2781	1.0	661
2782	1.0	23196
2783	1.0	27351
2784	1.0	5447
2785	1.0	7841
2786	1.0	4064
2787	1.0	304
2788	1.0	30817
2789	1.0	53831
2790	1.0	79991
2791	1.0	30000
2792	1.0	9619
2793	1.0	2010
2794	1.0	9411
2795	1.0	27350
2796	1.0	23186
2797	1.0	201627
2798	1.0	4669
2799	1.0	26472
2800	1.0	22998
2801	1.0	5337
2802	1.0	2050
2803	1.0	205717
2804	1.0	54521
2805	1.0	85439
2806	1.0	23178
2807	1.0	654364
2808	1.0	7461
2809	1.0	912
2810	1.0	387338
2811	1.0	414061
2812	1.0	4145
2813	1.0	55249
2814	1.0	64777
2815	1.0	84224
2816	1.0	84678
2817	1.0	2149
2818	1.0	2157
2819	1.0	2187
2820	1.0	7156
2821	1.0	22837
2822	1.0	54765
2823	1.0	55102
2824	1.0	3620
2825	1.0	6449
2826	1.0	65094
2827	1.0	78999
2828	1.0	90480
2829	1.0	404636
2830	1.0	84102
2831	1.0	27122
2832	1.0	220213
2833	1.0	9098
2834	1.0	2350
2835	1.0	313
2836	1.0	93589
2837	1.0	2208
2838	1.0	221078
2839	1.0	221120
2840	1.0	221443
2841	1.0	7182
2842	1.0	6948
2843	1.0	83707
2844	1.0	9328
2845	1.0	51478
2846	1.0	83990
2847	1.0	2242
2848	1.0	7574
2849	1.0	9422
2850	1.0	5526
2851	1.0	285203
2852	1.0	5289
2853	1.0	22876
2854	1.0	375743
2855	1.0	60673
2856	1.0	26053
2857	1.0	26039
2858	1.0	2356
2859	1.0	22982
2860	1.0	57178
2861	1.0	81559
2862	1.0	2553
2863	1.0	51479
2864	1.0	56259
2865	1.0	56672
2866	1.0	9889
2867	1.0	56271
2868	1.0	23139
2869	1.0	22941
2870	1.0	22977
2871	1.0	23510
2872	1.0	57794
2873	1.0	9798
2874	1.0	56995
2875	1.0	388796
2876	1.0	56052
2877	1.0	9747
2878	1.0	440270
2879	1.0	23229
2880	1.0	23035
2881	1.0	23041
2882	1.0	9665
2883	1.0	11018
2884	1.0	9873
2885	1.0	54877
2886	1.0	65986
2887	1.0	7189
2888	1.0	94134
2889	1.0	5361
2890	1.0	80184
2891	1.0	80213
2892	1.0	3995
2893	1.0	23163
2894	1.0	23174
2895	1.0	23184
2896	1.0	23192
2897	1.0	51763
2898	1.0	26205
2899	1.0	2323
2900	1.0	57140
2901	1.0	9220
2902	1.0	79631
2903	1.0	23247
2904	1.0	23269
2905	1.0	23287
2906	1.0	23288
2907	1.0	23295
2908	1.0	29915
2909	1.0	23335
2910	1.0	23341
2911	1.0	23353
2912	1.0	8678
2913	1.0	374354
2914	1.0	51347
2915	1.0	85457
2916	1.0	27252
2917	1.0	23392
2918	1.0	23401
2919	1.0	79768
2920	1.0	3241
2921	1.0	54751
2922	1.0	55049
2923	1.0	84899
2924	1.0	2342
2925	1.0	29843
2926	1.0	7798
2927	1.0	9794
2928	1.0	5176
2929	1.0	23475
2930	1.0	23483
2931	1.0	51606
2932	1.0	80152
2933	1.0	8242
2934	1.0	2747
2935	1.0	6556
2936	1.0	23556
2937	1.0	59343
2938	1.0	64782
2939	1.0	22832
2940	1.0	2359
2941	1.0	23612
2942	1.0	85012
2943	1.0	23623
2944	1.0	60672
2945	1.0	79587
2946	1.0	83637
2947	1.0	23641
2948	1.0	60489
2949	1.0	3614
2950	1.0	25797
2951	1.0	23705
2952	1.0	23766
2953	1.0	81563
2954	1.0	84293
2955	1.0	8436
2956	1.0	23765
2957	1.0	23780
2958	1.0	55016
2959	1.0	4603
2960	1.0	246184
2961	1.0	246737
2962	1.0	57190
2963	1.0	2526
2964	1.0	7804
2965	1.0	112724
2966	1.0	85464
2967	1.0	6374
2968	1.0	6955
2969	1.0	8631
2970	1.0	5588
2971	1.0	5611
2972	1.0	84295
2973	1.0	254531
2974	1.0	2549
2975	1.0	255231
2976	1.0	255520
2977	1.0	80012
2978	1.0	360023
2979	1.0	51340
2980	1.0	257397
2981	1.0	440574
2982	1.0	79754
2983	1.0	80227
2984	1.0	29099
2985	1.0	2582
2986	1.0	401504
2987	1.0	80254
2988	1.0	55147
2989	1.0	64236
2990	1.0	7181
2991	1.0	55133
2992	1.0	6102
2993	1.0	2593
2994	1.0	55970
2995	1.0	91612
2996	1.0	57728
2997	1.0	65981
2998	1.0	839
2999	1.0	81579
3000	1.0	25980
3001	1.0	4835
3002	1.0	26017
3003	1.0	260425
3004	1.0	26071
3005	1.0	6697
3006	1.0	134957
3007	1.0	27301
3008	1.0	5900
3009	1.0	51808
3010	1.0	2615
3011	1.0	2625
3012	1.0	7813
3013	1.0	5912
3014	1.0	80832
3015	1.0	80279
3016	1.0	85002
3017	1.0	80230
3018	1.0	253832
3019	1.0	4040
3020	1.0	9050
3021	1.0	5430
3022	1.0	81839
3023	1.0	57415
3024	1.0	126308
3025	1.0	100113378
3026	1.0	5465
3027	1.0	81846
3028	1.0	83759
3029	1.0	79753
3030	1.0	64858
3031	1.0	54850
3032	1.0	7124
3033	1.0	28231
3034	1.0	5860
3035	1.0	55954
3036	1.0	9409
3037	1.0	305
3038	1.0	54785
3039	1.0	3005
3040	1.0	3570
3041	1.0	6236
3042	1.0	79618
3043	1.0	81030
3044	1.0	64968
3045	1.0	26610
3046	1.0	80222
3047	1.0	8651
3048	1.0	29967
3049	1.0	5973
3050	1.0	3656
3051	1.0	27434
3052	1.0	8323
3053	1.0	27173
3054	1.0	53347
3055	1.0	2820
3056	1.0	25950
3057	1.0	64149
3058	1.0	55322
3059	1.0	27334
3060	1.0	917
3061	1.0	55501
3062	1.0	27097
3063	1.0	283635
3064	1.0	64598
3065	1.0	8505
3066	1.0	79634
3067	1.0	85360
3068	1.0	8807
3069	1.0	51750
3070	1.0	79576
3071	1.0	27246
3072	1.0	81554
3073	1.0	3300
3074	1.0	9469
3075	1.0	2841
3076	1.0	8479
3077	1.0	9047
3078	1.0	4351
3079	1.0	283450
3080	1.0	26098
3081	1.0	7220
3082	1.0	925
3083	1.0	89978
3084	1.0	79145
3085	1.0	4538
3086	1.0	54934
3087	1.0	2954
3088	1.0	11064
3089	1.0	57531
3090	1.0	28978
3091	1.0	51535
3092	1.0	284370
3093	1.0	9200
3094	1.0	285550
3095	1.0	388552
3096	1.0	2802
3097	1.0	4345
3098	1.0	51337
3099	1.0	6004
3100	1.0	54822
3101	1.0	4302
3102	1.0	56658
3103	1.0	64343
3104	1.0	78991
3105	1.0	284184
3106	1.0	60370
3107	1.0	84957
3108	1.0	9014
3109	1.0	29970
3110	1.0	79772
3111	1.0	91607
3112	1.0	58484
3113	1.0	112942
3114	1.0	7074
3115	1.0	84619
3116	1.0	57559
3117	1.0	51199
3118	1.0	80013
3119	1.0	3512
3120	1.0	4218
3121	1.0	6355
3122	1.0	971
3123	1.0	64601
3124	1.0	6518
3125	1.0	79630
3126	1.0	55911
3127	1.0	3619
3128	1.0	29126
3129	1.0	90799
3130	1.0	79792
3131	1.0	3364
3132	1.0	55153
3133	1.0	55285
3134	1.0	729680
3135	1.0	3077
3136	1.0	10556
3137	1.0	8226
3138	1.0	337972
3139	1.0	3344
3140	1.0	3663
3141	1.0	5330
3142	1.0	56253
3143	1.0	8809
3144	1.0	6487
3145	1.0	3565
3146	1.0	10235
3147	1.0	91689
3148	1.0	2059
3149	1.0	4213
3150	1.0	9180
3151	1.0	5188
3152	1.0	440434
3153	1.0	599
3154	1.0	84747
3155	1.0	56006
3156	1.0	9583
3157	1.0	57568
3158	1.0	93380
3159	1.0	3621
3160	1.0	3111
3161	1.0	642502
3162	1.0	3495
3163	1.0	90141
3164	1.0	317649
3165	1.0	55340
3166	1.0	8315
3167	1.0	80176
3168	1.0	3604
3169	1.0	55743
3170	1.0	348995
3171	1.0	4055
3172	1.0	22884
3173	1.0	6821
3174	1.0	55125
3175	1.0	9711
3176	1.0	4552
3177	1.0	23327
3178	1.0	84858
3179	1.0	9883
3180	1.0	51088
3181	1.0	90957
3182	1.0	9557
3183	1.0	84932
3184	1.0	64395
3185	1.0	4763
3186	1.0	8777
3187	1.0	5165
3188	1.0	10116
3189	1.0	81610
3190	1.0	55033
3191	1.0	91768
3192	1.0	5775
3193	1.0	10311
3194	1.0	79071
3195	1.0	285074
3196	1.0	4155
3197	1.0	100126326
3198	1.0	10101
3199	1.0	8871
3200	1.0	10098
3201	1.0	54629
3202	1.0	283120
3203	1.0	54981
3204	1.0	79887
3205	1.0	51362
3206	1.0	79002
3207	1.0	55188
3208	1.0	80153
3209	1.0	285148
3210	1.0	80221
3211	1.0	9844
3212	1.0	57128
3213	1.0	9846
3214	1.0	375444
3215	1.0	84312
3216	1.0	79651
3217	1.0	57786
3218	1.0	29909
3219	1.0	9572
3220	1.0	10898
3221	1.0	8714
3222	1.0	8228
3223	1.0	23659
3224	1.0	6354
3225	1.0	51426
3226	1.0	6272
3227	1.0	56892
3228	1.0	5613
3229	1.0	5193
3230	1.0	92667
3231	1.0	7737
3232	1.0	63943
3233	1.0	84298
3234	1.0	57620
3235	1.0	4773
3236	1.0	50854
3237	1.0	84447
3238	1.0	51422
3239	1.0	3981
3240	1.0	55631
3241	1.0	5595
3242	1.0	100133941
3243	1.0	25909
3244	1.0	8702
3245	1.0	79621
3246	1.0	84285
3247	1.0	84108
3248	1.0	5761
3249	1.0	9258
3250	1.0	55905
3251	1.0	91010
3252	1.0	7541
3253	1.0	65095
3254	1.0	2961
3255	1.0	54497
3256	1.0	23299
3257	1.0	3658
3258	1.0	57205
3259	1.0	5395
3260	1.0	9826
3261	1.0	29105
3262	1.0	11285
3263	1.0	29110
3264	1.0	150468
3265	1.0	100289678
3266	1.0	55361
3267	1.0	6497
3268	1.0	6478
3269	1.0	57154
3270	1.0	7709
3271	1.0	3662
3272	1.0	54878
3273	1.0	7286
3274	1.0	55054
3275	1.0	84926
3276	1.0	6882
3277	1.0	644504
3278	1.0	54995
3279	1.0	63910
3280	1.0	126321
3281	1.0	9016
3282	1.0	10073
3283	1.0	8535
3284	1.0	7626
3285	1.0	56894
3286	1.0	10308
3287	1.0	9668
3288	1.0	51130
3289	1.0	11237
3290	1.0	5770
3291	1.0	91860
3292	1.0	435
3293	1.0	51099
3294	1.0	51250
3295	1.0	64969
3296	1.0	10014
3297	1.0	103910
3298	1.0	24149
3299	1.0	63922
3300	1.0	6482
3301	1.0	56882
3302	1.0	10721
3303	1.0	9582
3304	1.0	93594
3305	1.0	7444
3306	1.0	81831
3307	1.0	8208
3308	1.0	25896
3309	1.0	55247
3310	1.0	9824
3311	1.0	55071
3312	1.0	26278
3313	1.0	8364
3314	1.0	6606
3315	1.0	1871
3316	1.0	79980
3317	1.0	9949
3318	1.0	170506
3319	1.0	8575
3320	1.0	55159
3321	1.0	10360
3322	1.0	9447
3323	1.0	2710
3324	1.0	5742
3325	1.0	3687
3326	1.0	10538
3327	1.0	8542
3328	1.0	2635
3329	1.0	7052
3330	1.0	3684
3331	1.0	2921
3332	1.0	19
3333	1.0	23424
3334	1.0	25976
3335	1.0	27074
3336	1.0	2769
3337	1.0	9262
3338	1.0	4283
3339	1.0	10125
3340	1.0	9046
3341	1.0	8828
3342	1.0	5336
3343	1.0	8935
3344	1.0	10261
3345	1.0	8061
3346	1.0	6398
3347	1.0	8832
3348	1.0	6480
3349	1.0	6916
3350	1.0	23464
3351	1.0	51103
3352	1.0	9386
3353	1.0	29082
3354	1.0	10539
3355	1.0	10573
3356	1.0	5303
3357	1.0	10456
3358	1.0	80142
3359	1.0	80349
3360	1.0	6389
3361	1.0	151011
3362	1.0	55198
3363	1.0	55827
3364	1.0	51306
3365	1.0	9252
3366	1.0	23097
3367	1.0	79893
3368	1.0	80055
3369	1.0	150759
3370	1.0	7174
3371	1.0	23358
3372	1.0	7542
3373	1.0	9777
3374	1.0	6811
3375	1.0	29780
3376	1.0	6881
3377	1.0	6051
3378	1.0	64748
3379	1.0	6522
3380	1.0	79701
3381	1.0	1785
3382	1.0	1727
3383	1.0	83444
3384	1.0	11333
